M00737:159:000000000-GNBK3:1:1103:17354:7409	4911	100.000	8.61e-95	361
M00737:159:000000000-GNBK3:1:1103:17354:7409	4932	100.000	8.61e-95	361
M00737:159:000000000-GNBK3:1:1103:17354:7409	4932	100.000	8.61e-95	361
M00737:159:000000000-GNBK3:1:1103:17354:7409	4932	100.000	8.61e-95	361
M00737:159:000000000-GNBK3:1:1103:17354:7409	4932	100.000	8.61e-95	361
M00737:159:000000000-GNBK3:1:1103:17354:7409	4932	100.000	8.61e-95	361
M00737:159:000000000-GNBK3:1:1103:17354:7409	4932	100.000	8.61e-95	361
M00737:159:000000000-GNBK3:1:1103:17354:7409	4932	97.938	1.88e-86	333
M00737:159:000000000-GNBK3:1:1103:17354:7409	4932	100.000	8.61e-95	361
M00737:159:000000000-GNBK3:1:1103:17354:7409	27293	100.000	8.61e-95	361
M00737:159:000000000-GNBK3:1:1103:17354:7409	27293	100.000	8.61e-95	361
M00737:159:000000000-GNBK3:1:1103:17354:7409	27293	100.000	8.61e-95	361
M00737:159:000000000-GNBK3:1:1103:17354:7409	27294	100.000	8.61e-95	361
M00737:159:000000000-GNBK3:1:1103:17354:7409	27294	100.000	8.61e-95	361
M00737:159:000000000-GNBK3:1:1103:17354:7409	2268990	100.000	8.61e-95	361
M00737:159:000000000-GNBK3:1:1103:17354:7409	2268990	100.000	8.61e-95	361
M00737:159:000000000-GNBK3:1:1103:17354:7409	2268990	100.000	8.61e-95	361
M00737:159:000000000-GNBK3:1:1103:17354:7409	2268990	99.487	1.44e-92	353
M00737:159:000000000-GNBK3:1:1103:17354:7409	2268990	99.487	1.44e-92	353
M00737:159:000000000-GNBK3:1:1103:17354:7409	2268990	99.487	1.44e-92	353
M00737:159:000000000-GNBK3:1:1103:17354:7409	2268990	100.000	8.61e-95	361
M00737:159:000000000-GNBK3:1:1103:17354:7409	2268990	100.000	8.61e-95	361
M00737:159:000000000-GNBK3:1:1103:17354:7409	2268990	100.000	8.61e-95	361
M00737:159:000000000-GNBK3:1:1103:17354:7409	2268990	100.000	8.61e-95	361
M00737:159:000000000-GNBK3:1:1103:17354:7409	2268990	99.487	1.44e-92	353
M00737:159:000000000-GNBK3:1:1103:17354:7409	4932	100.000	8.61e-95	361
M00737:159:000000000-GNBK3:1:1103:17354:7409	4932	100.000	8.61e-95	361
M00737:159:000000000-GNBK3:1:1103:17354:7409	4932	100.000	8.61e-95	361
M00737:159:000000000-GNBK3:1:1103:17354:7409	4932	100.000	8.61e-95	361
M00737:159:000000000-GNBK3:1:1103:17354:7409	5478	100.000	8.61e-95	361
M00737:159:000000000-GNBK3:1:1103:17354:7409	5478	100.000	8.61e-95	361
M00737:159:000000000-GNBK3:1:1103:17354:7409	5478	100.000	8.61e-95	361
M00737:159:000000000-GNBK3:1:1103:17354:7409	5478	100.000	8.61e-95	361
M00737:159:000000000-GNBK3:1:1103:17354:7409	5478	100.000	8.61e-95	361
M00737:159:000000000-GNBK3:1:1103:17354:7409	5478	100.000	8.61e-95	361
M00737:159:000000000-GNBK3:1:1103:17354:7409	5478	100.000	8.61e-95	361
M00737:159:000000000-GNBK3:1:1103:17354:7409	5478	99.490	4.00e-93	355
M00737:159:000000000-GNBK3:1:1103:17354:7409	5478	99.487	1.44e-92	353
M00737:159:000000000-GNBK3:1:1103:17354:7409	5478	100.000	8.61e-95	361
M00737:159:000000000-GNBK3:1:1103:17354:7409	5478	100.000	8.61e-95	361
M00737:159:000000000-GNBK3:1:1103:17354:7409	5478	100.000	8.61e-95	361
M00737:159:000000000-GNBK3:1:1103:17354:7409	5478	100.000	8.61e-95	361
M00737:159:000000000-GNBK3:1:1103:17354:7409	5478	100.000	8.61e-95	361
M00737:159:000000000-GNBK3:1:1103:17354:7409	5478	100.000	8.61e-95	361
M00737:159:000000000-GNBK3:1:1103:17354:7409	5478	99.487	1.44e-92	353
M00737:159:000000000-GNBK3:1:1103:17354:7409	5478	100.000	8.61e-95	361
M00737:159:000000000-GNBK3:1:1103:17354:7409	5478	100.000	8.61e-95	361
M00737:159:000000000-GNBK3:1:1103:17354:7409	5478	100.000	8.61e-95	361
M00737:159:000000000-GNBK3:1:1103:17354:7409	5478	100.000	8.61e-95	361
M00737:159:000000000-GNBK3:1:1103:17354:7409	5478	100.000	8.61e-95	361
M00737:159:000000000-GNBK3:1:1103:17354:7409	5478	100.000	8.61e-95	361
M00737:159:000000000-GNBK3:1:1103:17354:7409	5478	100.000	8.61e-95	361
M00737:159:000000000-GNBK3:1:1103:17354:7409	5478	100.000	8.61e-95	361
M00737:159:000000000-GNBK3:1:1103:17354:7409	5478	100.000	8.61e-95	361
M00737:159:000000000-GNBK3:1:1103:17354:7409	1047171	100.000	3.08e-94	359
M00737:159:000000000-GNBK3:1:1103:17354:7409	1047171	100.000	3.08e-94	359
M00737:159:000000000-GNBK3:1:1103:17354:7409	1047171	100.000	3.08e-94	359
M00737:159:000000000-GNBK3:1:1103:17354:7409	1047171	100.000	3.08e-94	359
M00737:159:000000000-GNBK3:1:1103:17354:7409	1047171	100.000	3.08e-94	359
M00737:159:000000000-GNBK3:1:1103:17354:7409	1047171	100.000	3.08e-94	359
M00737:159:000000000-GNBK3:1:1103:17354:7409	1047171	100.000	3.08e-94	359
M00737:159:000000000-GNBK3:1:1103:17354:7409	1047171	100.000	3.08e-94	359
M00737:159:000000000-GNBK3:1:1103:17354:7409	1047171	100.000	3.08e-94	359
M00737:159:000000000-GNBK3:1:1103:17354:7409	1047171	100.000	3.08e-94	359
M00737:159:000000000-GNBK3:1:1103:17354:7409	1047171	100.000	3.08e-94	359
M00737:159:000000000-GNBK3:1:1103:17354:7409	4911	100.000	3.08e-94	359
M00737:159:000000000-GNBK3:1:1103:17354:7409	1562205	100.000	3.08e-94	359
M00737:159:000000000-GNBK3:1:1103:17354:7409	1562205	100.000	3.08e-94	359
M00737:159:000000000-GNBK3:1:1103:17354:7409	4932	100.000	3.08e-94	359
M00737:159:000000000-GNBK3:1:1103:17354:7409	4932	100.000	3.08e-94	359
M00737:159:000000000-GNBK3:1:1103:17354:7409	4932	100.000	3.08e-94	359
M00737:159:000000000-GNBK3:1:1103:17354:7409	4932	100.000	3.08e-94	359
M00737:159:000000000-GNBK3:1:1103:17354:7409	4932	100.000	3.08e-94	359
M00737:159:000000000-GNBK3:1:1103:17354:7409	4932	100.000	3.08e-94	359
M00737:159:000000000-GNBK3:1:1103:17354:7409	4932	97.949	5.18e-87	335
M00737:159:000000000-GNBK3:1:1103:17354:7409	4932	100.000	3.08e-94	359
M00737:159:000000000-GNBK3:1:1103:17354:7409	2093215	100.000	3.08e-94	359
M00737:159:000000000-GNBK3:1:1103:17354:7409	2093215	100.000	3.08e-94	359
M00737:159:000000000-GNBK3:1:1103:17354:7409	2093215	100.000	3.08e-94	359
M00737:159:000000000-GNBK3:1:1103:17354:7409	2093215	100.000	3.08e-94	359
M00737:159:000000000-GNBK3:1:1103:17354:7409	27293	100.000	3.08e-94	359
M00737:159:000000000-GNBK3:1:1103:17354:7409	27293	100.000	3.08e-94	359
M00737:159:000000000-GNBK3:1:1103:17354:7409	27293	100.000	3.08e-94	359
M00737:159:000000000-GNBK3:1:1103:17354:7409	27294	100.000	3.08e-94	359
M00737:159:000000000-GNBK3:1:1103:17354:7409	27294	100.000	3.08e-94	359
M00737:159:000000000-GNBK3:1:1103:17354:7409	2268990	100.000	3.08e-94	359
M00737:159:000000000-GNBK3:1:1103:17354:7409	2268990	100.000	3.08e-94	359
M00737:159:000000000-GNBK3:1:1103:17354:7409	2268990	100.000	3.08e-94	359
M00737:159:000000000-GNBK3:1:1103:17354:7409	2268990	100.000	3.08e-94	359
M00737:159:000000000-GNBK3:1:1103:17354:7409	2268990	100.000	3.08e-94	359
M00737:159:000000000-GNBK3:1:1103:17354:7409	2268990	100.000	3.08e-94	359
M00737:159:000000000-GNBK3:1:1103:17354:7409	2268990	100.000	3.08e-94	359
M00737:159:000000000-GNBK3:1:1103:17354:7409	2268990	100.000	3.08e-94	359
M00737:159:000000000-GNBK3:1:1103:17354:7409	2268990	100.000	3.08e-94	359
M00737:159:000000000-GNBK3:1:1103:17354:7409	2268990	100.000	3.08e-94	359
M00737:159:000000000-GNBK3:1:1103:17354:7409	2268990	100.000	3.08e-94	359
M00737:159:000000000-GNBK3:1:1103:17354:7409	4932	100.000	3.08e-94	359
M00737:159:000000000-GNBK3:1:1103:17354:7409	4932	100.000	3.08e-94	359
M00737:159:000000000-GNBK3:1:2104:6028:11013	1047171	100.000	8.61e-95	361
M00737:159:000000000-GNBK3:1:2104:6028:11013	1047171	100.000	8.61e-95	361
M00737:159:000000000-GNBK3:1:2104:6028:11013	1047171	100.000	8.61e-95	361
M00737:159:000000000-GNBK3:1:2104:6028:11013	1047171	100.000	8.61e-95	361
M00737:159:000000000-GNBK3:1:2104:6028:11013	1047171	100.000	8.61e-95	361
M00737:159:000000000-GNBK3:1:2104:6028:11013	1047171	100.000	8.61e-95	361
M00737:159:000000000-GNBK3:1:2104:6028:11013	1047171	100.000	8.61e-95	361
M00737:159:000000000-GNBK3:1:2104:6028:11013	1047171	100.000	8.61e-95	361
M00737:159:000000000-GNBK3:1:2104:6028:11013	1047171	100.000	8.61e-95	361
M00737:159:000000000-GNBK3:1:2104:6028:11013	1047171	100.000	8.61e-95	361
M00737:159:000000000-GNBK3:1:2104:6028:11013	1047171	100.000	8.61e-95	361
M00737:159:000000000-GNBK3:1:2104:6028:11013	5207	100.000	8.61e-95	361
M00737:159:000000000-GNBK3:1:2104:6028:11013	5207	100.000	8.61e-95	361
M00737:159:000000000-GNBK3:1:2104:6028:11013	5207	100.000	8.61e-95	361
M00737:159:000000000-GNBK3:1:2104:6028:11013	5207	100.000	8.61e-95	361
M00737:159:000000000-GNBK3:1:2104:6028:11013	5207	100.000	8.61e-95	361
M00737:159:000000000-GNBK3:1:2104:6028:11013	5207	100.000	8.61e-95	361
M00737:159:000000000-GNBK3:1:2104:6028:11013	5207	100.000	8.61e-95	361
M00737:159:000000000-GNBK3:1:2104:6028:11013	5207	100.000	8.61e-95	361
M00737:159:000000000-GNBK3:1:2104:6028:11013	5207	100.000	8.61e-95	361
M00737:159:000000000-GNBK3:1:2104:6028:11013	5207	99.487	1.44e-92	353
M00737:159:000000000-GNBK3:1:2104:6028:11013	4911	100.000	8.61e-95	361
M00737:159:000000000-GNBK3:1:2104:6028:11013	460523	100.000	8.61e-95	361
M00737:159:000000000-GNBK3:1:2104:6028:11013	1032817	100.000	8.61e-95	361
M00737:159:000000000-GNBK3:1:2104:6028:11013	1032817	100.000	8.61e-95	361
M00737:159:000000000-GNBK3:1:2104:6028:11013	1032817	96.891	1.13e-83	324
M00737:159:000000000-GNBK3:1:2104:6028:11013	5636	100.000	8.61e-95	361
M00737:159:000000000-GNBK3:1:2104:6028:11013	5636	100.000	8.61e-95	361
M00737:159:000000000-GNBK3:1:2104:6028:11013	152972	100.000	8.61e-95	361
M00737:159:000000000-GNBK3:1:2104:6028:11013	152972	100.000	8.61e-95	361
M00737:159:000000000-GNBK3:1:2104:6028:11013	152972	100.000	8.61e-95	361
M00737:159:000000000-GNBK3:1:2104:6028:11013	152972	100.000	8.61e-95	361
M00737:159:000000000-GNBK3:1:2104:6028:11013	152972	100.000	8.61e-95	361
M00737:159:000000000-GNBK3:1:2104:6028:11013	152972	100.000	8.61e-95	361
M00737:159:000000000-GNBK3:1:2104:6028:11013	152972	100.000	8.61e-95	361
M00737:159:000000000-GNBK3:1:2104:6028:11013	152972	100.000	8.61e-95	361
M00737:159:000000000-GNBK3:1:2104:6028:11013	152972	100.000	8.61e-95	361
M00737:159:000000000-GNBK3:1:2104:6028:11013	152972	100.000	8.61e-95	361
M00737:159:000000000-GNBK3:1:2104:6028:11013	152972	100.000	8.61e-95	361
M00737:159:000000000-GNBK3:1:2104:6028:11013	152972	100.000	8.61e-95	361
M00737:159:000000000-GNBK3:1:2104:6028:11013	152972	100.000	8.61e-95	361
M00737:159:000000000-GNBK3:1:2104:6028:11013	152972	96.842	5.25e-82	318
M00737:159:000000000-GNBK3:1:2104:6028:11013	152972	93.333	4.12e-73	289
M00737:159:000000000-GNBK3:1:2104:6028:11013	152972	100.000	5.48e-52	219
M00737:159:000000000-GNBK3:1:2104:6028:11013	152972	100.000	5.48e-52	219
M00737:159:000000000-GNBK3:1:2104:6028:11013	152972	100.000	5.48e-52	219
M00737:159:000000000-GNBK3:1:2104:6028:11013	152972	100.000	1.97e-51	217
M00737:159:000000000-GNBK3:1:2104:6028:11013	152972	97.872	7.50e-11	82.4
M00737:159:000000000-GNBK3:1:2104:6028:11013	152972	95.833	9.71e-10	78.7
M00737:159:000000000-GNBK3:1:2104:6028:11013	152972	95.652	1.26e-08	75.0
M00737:159:000000000-GNBK3:1:2104:6028:11013	109871	100.000	8.61e-95	361
M00737:159:000000000-GNBK3:1:2104:6028:11013	109871	100.000	8.61e-95	361
M00737:159:000000000-GNBK3:1:2104:6028:11013	109871	100.000	8.61e-95	361
M00737:159:000000000-GNBK3:1:2104:6028:11013	109871	100.000	8.61e-95	361
M00737:159:000000000-GNBK3:1:2104:6028:11013	109871	100.000	4.21e-58	239
M00737:159:000000000-GNBK3:1:2104:6028:11013	109871	100.000	8.61e-95	361
M00737:159:000000000-GNBK3:1:2104:6028:11013	109871	100.000	8.61e-95	361
M00737:159:000000000-GNBK3:1:2104:6028:11013	109871	100.000	8.61e-95	361
M00737:159:000000000-GNBK3:1:2104:6028:11013	109871	100.000	8.61e-95	361
M00737:159:000000000-GNBK3:1:2104:6028:11013	109871	100.000	8.61e-95	361
M00737:159:000000000-GNBK3:1:2104:6028:11013	109871	100.000	8.61e-95	361
M00737:159:000000000-GNBK3:1:2104:6028:11013	109871	100.000	8.61e-95	361
M00737:159:000000000-GNBK3:1:2104:6028:11013	109871	100.000	4.21e-58	239
M00737:159:000000000-GNBK3:1:2104:6028:11013	109871	100.000	4.21e-58	239
M00737:159:000000000-GNBK3:1:2104:6028:11013	1157608	100.000	8.61e-95	361
M00737:159:000000000-GNBK3:1:2104:6028:11013	3415730	99.487	4.00e-93	355
M00737:159:000000000-GNBK3:1:2104:6028:11013	3415730	99.487	4.00e-93	355
M00737:159:000000000-GNBK3:1:2104:6028:11013	1047171	99.487	4.00e-93	355
M00737:159:000000000-GNBK3:1:2104:6028:11013	1047171	99.487	4.00e-93	355
M00737:159:000000000-GNBK3:1:2104:6028:11013	1047171	99.487	4.00e-93	355
M00737:159:000000000-GNBK3:1:2104:6028:11013	1047171	99.487	4.00e-93	355
M00737:159:000000000-GNBK3:1:2104:6028:11013	1047171	99.487	4.00e-93	355
M00737:159:000000000-GNBK3:1:2104:6028:11013	1047171	99.487	4.00e-93	355
M00737:159:000000000-GNBK3:1:2104:6028:11013	1047171	99.487	4.00e-93	355
M00737:159:000000000-GNBK3:1:2104:6028:11013	1047171	99.487	4.00e-93	355
M00737:159:000000000-GNBK3:1:2104:6028:11013	1047171	99.487	4.00e-93	355
M00737:159:000000000-GNBK3:1:2104:6028:11013	1047171	99.487	4.00e-93	355
M00737:159:000000000-GNBK3:1:2104:6028:11013	1047171	99.487	4.00e-93	355
M00737:159:000000000-GNBK3:1:2104:6028:11013	3133104	99.487	4.00e-93	355
M00737:159:000000000-GNBK3:1:2104:6028:11013	3133104	99.487	4.00e-93	355
M00737:159:000000000-GNBK3:1:2104:6028:11013	3133104	99.487	4.00e-93	355
M00737:159:000000000-GNBK3:1:2104:6028:11013	3133104	99.487	4.00e-93	355
M00737:159:000000000-GNBK3:1:2104:6028:11013	3133104	99.487	4.00e-93	355
M00737:159:000000000-GNBK3:1:2104:6028:11013	3133104	99.487	4.00e-93	355
M00737:159:000000000-GNBK3:1:2104:6028:11013	3133104	99.487	4.00e-93	355
M00737:159:000000000-GNBK3:1:2104:6028:11013	3133104	99.487	4.00e-93	355
M00737:159:000000000-GNBK3:1:2104:6028:11013	3133104	99.487	4.00e-93	355
M00737:159:000000000-GNBK3:1:2104:6028:11013	3133104	99.487	4.00e-93	355
M00737:159:000000000-GNBK3:1:2104:6028:11013	3133104	99.487	4.00e-93	355
M00737:159:000000000-GNBK3:1:2104:6028:11013	3133104	99.487	4.00e-93	355
M00737:159:000000000-GNBK3:1:2104:6028:11013	3133104	99.487	4.00e-93	355
M00737:159:000000000-GNBK3:1:2104:6028:11013	3133104	99.487	4.00e-93	355
M00737:159:000000000-GNBK3:1:2104:6028:11013	3133104	99.487	4.00e-93	355
M00737:159:000000000-GNBK3:1:2104:6028:11013	3133104	99.487	4.00e-93	355
M00737:159:000000000-GNBK3:1:2104:6028:11013	3133104	99.487	4.00e-93	355
M00737:159:000000000-GNBK3:1:2104:6028:11013	3133104	99.487	4.00e-93	355
M00737:159:000000000-GNBK3:1:2104:6028:11013	3133104	99.487	4.00e-93	355
M00737:159:000000000-GNBK3:1:2104:6028:11013	3133104	99.487	4.00e-93	355
M00737:159:000000000-GNBK3:1:2104:6028:11013	3133104	99.487	4.00e-93	355
M00737:159:000000000-GNBK3:1:2104:6028:11013	3133104	98.974	1.86e-91	350
M00737:159:000000000-GNBK3:1:2104:6028:11013	3133104	98.974	1.86e-91	350
M00737:159:000000000-GNBK3:1:2104:6028:11013	3133104	98.462	8.67e-90	344
M00737:159:000000000-GNBK3:1:2104:6028:11013	3133104	97.949	4.03e-88	339
M00737:159:000000000-GNBK3:1:2104:6028:11013	3133104	97.927	5.22e-87	335
M00737:159:000000000-GNBK3:1:2104:6028:11013	3133104	96.410	4.06e-83	322
M00737:159:000000000-GNBK3:1:2104:6028:11013	3133104	95.897	1.89e-81	316
M00737:159:000000000-GNBK3:1:2104:6028:11013	3133104	93.939	8.85e-75	294
M00737:159:000000000-GNBK3:1:2104:6028:11013	3133104	98.214	8.85e-75	294
M00737:159:000000000-GNBK3:1:2104:6028:11013	3133104	95.808	5.37e-67	268
M00737:159:000000000-GNBK3:1:2104:6028:11013	3133104	94.578	1.94e-61	250
M00737:159:000000000-GNBK3:1:2104:6028:11013	3133104	99.219	7.04e-56	231
M00737:159:000000000-GNBK3:1:2104:6028:11013	3133104	89.773	1.97e-51	217
M00737:159:000000000-GNBK3:1:2104:6028:11013	3133104	97.333	9.50e-25	128
M00737:159:000000000-GNBK3:1:2104:6028:11013	3133104	95.775	2.66e-20	113
M00737:159:000000000-GNBK3:1:2104:6028:11013	3133104	99.487	4.00e-93	355
M00737:159:000000000-GNBK3:1:2104:6028:11013	3133104	99.487	4.00e-93	355
M00737:159:000000000-GNBK3:1:2104:6028:11013	3133104	99.487	4.00e-93	355
M00737:159:000000000-GNBK3:1:2104:6028:11013	3133104	99.487	4.00e-93	355
M00737:159:000000000-GNBK3:1:2104:6028:11013	3133104	99.487	4.00e-93	355
M00737:159:000000000-GNBK3:1:2104:6028:11013	3133104	99.487	4.00e-93	355
M00737:159:000000000-GNBK3:1:2104:6028:11013	3133104	99.487	4.00e-93	355
M00737:159:000000000-GNBK3:1:2104:6028:11013	3133104	99.487	4.00e-93	355
M00737:159:000000000-GNBK3:1:2104:6028:11013	3133104	99.487	4.00e-93	355
M00737:159:000000000-GNBK3:1:2104:6028:11013	3133104	99.487	4.00e-93	355
M00737:159:000000000-GNBK3:1:2104:6028:11013	3133104	99.487	4.00e-93	355
M00737:159:000000000-GNBK3:1:2104:6028:11013	3133104	99.487	4.00e-93	355
M00737:159:000000000-GNBK3:1:2104:6028:11013	3133104	99.487	4.00e-93	355
M00737:159:000000000-GNBK3:1:2104:6028:11013	3133104	99.487	4.00e-93	355
M00737:159:000000000-GNBK3:1:2104:6028:11013	3133104	99.487	4.00e-93	355
M00737:159:000000000-GNBK3:1:2104:6028:11013	3133104	99.487	4.00e-93	355
M00737:159:000000000-GNBK3:1:2104:6028:11013	3133104	99.487	4.00e-93	355
M00737:159:000000000-GNBK3:1:2104:6028:11013	3133104	99.487	4.00e-93	355
M00737:159:000000000-GNBK3:1:2104:6028:11013	3133104	99.487	4.00e-93	355
M00737:159:000000000-GNBK3:1:2104:6028:11013	3133104	99.487	4.00e-93	355
M00737:159:000000000-GNBK3:1:2104:6028:11013	3133104	99.487	4.00e-93	355
M00737:159:000000000-GNBK3:1:2104:6028:11013	3133104	99.487	4.00e-93	355
M00737:159:000000000-GNBK3:1:2104:6028:11013	3133104	99.487	4.00e-93	355
M00737:159:000000000-GNBK3:1:2104:6028:11013	3133104	99.487	4.00e-93	355
M00737:159:000000000-GNBK3:1:2104:6028:11013	3133104	98.974	1.86e-91	350
M00737:159:000000000-GNBK3:1:2104:6028:11013	3133104	98.964	2.41e-90	346
M00737:159:000000000-GNBK3:1:2104:6028:11013	3133104	98.462	8.67e-90	344
M00737:159:000000000-GNBK3:1:2104:6028:11013	3133104	97.949	4.03e-88	339
M00737:159:000000000-GNBK3:1:2104:6028:11013	3133104	97.927	5.22e-87	335
M00737:159:000000000-GNBK3:1:2104:6028:11013	3133104	96.410	4.06e-83	322
M00737:159:000000000-GNBK3:1:2104:6028:11013	3133104	95.897	1.89e-81	316
M00737:159:000000000-GNBK3:1:2104:6028:11013	3133104	95.897	1.89e-81	316
M00737:159:000000000-GNBK3:1:2104:6028:11013	3133104	93.939	8.85e-75	294
M00737:159:000000000-GNBK3:1:2104:6028:11013	3133104	98.214	8.85e-75	294
M00737:159:000000000-GNBK3:1:2104:6028:11013	3133104	95.808	5.37e-67	268
M00737:159:000000000-GNBK3:1:2104:6028:11013	3133104	94.578	1.94e-61	250
M00737:159:000000000-GNBK3:1:2104:6028:11013	3133104	94.578	1.94e-61	250
M00737:159:000000000-GNBK3:1:2104:6028:11013	3133104	99.219	7.04e-56	231
M00737:159:000000000-GNBK3:1:2104:6028:11013	3133104	89.773	1.97e-51	217
M00737:159:000000000-GNBK3:1:2104:6028:11013	3133104	97.333	9.50e-25	128
M00737:159:000000000-GNBK3:1:2104:6028:11013	3133104	95.775	2.66e-20	113
M00737:159:000000000-GNBK3:1:2104:6028:11013	3133104	95.775	2.66e-20	113
M00737:159:000000000-GNBK3:1:2104:6028:11013	5207	99.487	4.00e-93	355
M00737:159:000000000-GNBK3:1:2104:6028:11013	5207	99.487	4.00e-93	355
M00737:159:000000000-GNBK3:1:2104:6028:11013	5207	99.487	4.00e-93	355
M00737:159:000000000-GNBK3:1:2104:6028:11013	5207	99.487	4.00e-93	355
M00737:159:000000000-GNBK3:1:2104:6028:11013	5207	99.487	4.00e-93	355
M00737:159:000000000-GNBK3:1:2104:6028:11013	5207	99.487	4.00e-93	355
M00737:159:000000000-GNBK3:1:2104:6028:11013	5207	99.487	4.00e-93	355
M00737:159:000000000-GNBK3:1:2104:6028:11013	5207	99.487	4.00e-93	355
M00737:159:000000000-GNBK3:1:2104:6028:11013	5207	99.487	4.00e-93	355
M00737:159:000000000-GNBK3:1:2104:6028:11013	5207	99.487	4.00e-93	355
M00737:159:000000000-GNBK3:1:2104:6028:11013	4911	99.487	4.00e-93	355
M00737:159:000000000-GNBK3:1:2104:6028:11013	460523	99.487	4.00e-93	355
M00737:159:000000000-GNBK3:1:2104:6028:11013	3378732	99.487	4.00e-93	355
M00737:159:000000000-GNBK3:1:2104:6028:11013	3378732	99.487	4.00e-93	355
M00737:159:000000000-GNBK3:1:2104:6028:11013	3378732	99.487	4.00e-93	355
M00737:159:000000000-GNBK3:1:2104:6028:11013	3378732	98.347	9.17e-50	211
