M00737:130:000000000-GGFV8:1:2102:24606:13123	5207	100.000	2.86e-99	375
M00737:130:000000000-GGFV8:1:2102:24606:13123	5207	100.000	2.86e-99	375
M00737:130:000000000-GGFV8:1:2102:24606:13123	5207	100.000	2.86e-99	375
M00737:130:000000000-GGFV8:1:2102:24606:13123	5207	100.000	2.86e-99	375
M00737:130:000000000-GGFV8:1:2102:24606:13123	5207	100.000	2.86e-99	375
M00737:130:000000000-GGFV8:1:2102:24606:13123	5207	100.000	2.86e-99	375
M00737:130:000000000-GGFV8:1:2102:24606:13123	5207	100.000	2.86e-99	375
M00737:130:000000000-GGFV8:1:2102:24606:13123	5207	100.000	2.86e-99	375
M00737:130:000000000-GGFV8:1:2102:24606:13123	5207	100.000	2.86e-99	375
M00737:130:000000000-GGFV8:1:2102:24606:13123	5207	98.522	3.72e-93	355
M00737:130:000000000-GGFV8:1:2102:24606:13123	1296109	100.000	2.86e-99	375
M00737:130:000000000-GGFV8:1:2102:24606:13123	1296109	100.000	2.86e-99	375
M00737:130:000000000-GGFV8:1:2102:24606:13123	1296109	100.000	2.86e-99	375
M00737:130:000000000-GGFV8:1:2102:24606:13123	1296109	100.000	2.86e-99	375
M00737:130:000000000-GGFV8:1:2102:24606:13123	1296109	99.507	4.78e-97	368
M00737:130:000000000-GGFV8:1:2102:24606:13123	5208	100.000	2.86e-99	375
M00737:130:000000000-GGFV8:1:2102:24606:13123	5208	100.000	2.86e-99	375
M00737:130:000000000-GGFV8:1:2102:24606:13123	5208	100.000	2.86e-99	375
M00737:130:000000000-GGFV8:1:2102:24606:13123	5208	100.000	2.86e-99	375
M00737:130:000000000-GGFV8:1:2102:24606:13123	5208	100.000	2.86e-99	375
M00737:130:000000000-GGFV8:1:2102:24606:13123	5208	100.000	2.86e-99	375
M00737:130:000000000-GGFV8:1:2102:24606:13123	1295531	100.000	2.86e-99	375
M00737:130:000000000-GGFV8:1:2102:24606:13123	1295531	100.000	2.86e-99	375
M00737:130:000000000-GGFV8:1:2102:24606:13123	1295531	100.000	2.86e-99	375
M00737:130:000000000-GGFV8:1:2102:24606:13123	1295531	100.000	2.86e-99	375
M00737:130:000000000-GGFV8:1:2102:24606:13123	1295531	100.000	2.86e-99	375
M00737:130:000000000-GGFV8:1:2102:24606:13123	1295531	100.000	2.86e-99	375
M00737:130:000000000-GGFV8:1:2102:24606:13123	1734106	100.000	2.86e-99	375
M00737:130:000000000-GGFV8:1:2102:24606:13123	1734106	100.000	2.86e-99	375
M00737:130:000000000-GGFV8:1:2102:24606:13123	1734106	100.000	2.86e-99	375
M00737:130:000000000-GGFV8:1:2102:24606:13123	1734106	100.000	2.86e-99	375
M00737:130:000000000-GGFV8:1:2102:24606:13123	1734106	99.507	4.78e-97	368
M00737:130:000000000-GGFV8:1:2102:24606:13123	1734106	99.507	4.78e-97	368
M00737:130:000000000-GGFV8:1:2102:24606:13123	1734106	99.507	4.78e-97	368
M00737:130:000000000-GGFV8:1:2102:24606:13123	1734106	99.015	2.23e-95	363
M00737:130:000000000-GGFV8:1:2101:18791:16189	9606	98.122	4.21e-98	372
M00737:130:000000000-GGFV8:1:2101:18791:16189	9598	97.664	1.96e-96	366
M00737:130:000000000-GGFV8:1:2101:18791:16189	9598	97.664	1.96e-96	366
M00737:130:000000000-GGFV8:1:2102:24606:13123	82508	98.214	3.23e-104	392
M00737:130:000000000-GGFV8:1:2102:24606:13123	82508	98.214	3.23e-104	392
M00737:130:000000000-GGFV8:1:2102:24606:13123	1296109	98.214	3.23e-104	392
M00737:130:000000000-GGFV8:1:2102:24606:13123	1296109	98.214	3.23e-104	392
M00737:130:000000000-GGFV8:1:2102:24606:13123	1296109	98.214	3.23e-104	392
M00737:130:000000000-GGFV8:1:2102:24606:13123	1296109	98.214	3.23e-104	392
M00737:130:000000000-GGFV8:1:2102:24606:13123	1296109	98.214	3.23e-104	392
M00737:130:000000000-GGFV8:1:2102:24606:13123	5208	98.214	3.23e-104	392
M00737:130:000000000-GGFV8:1:2102:24606:13123	5208	98.214	3.23e-104	392
M00737:130:000000000-GGFV8:1:2102:24606:13123	5208	98.214	3.23e-104	392
M00737:130:000000000-GGFV8:1:2102:24606:13123	5208	98.214	3.23e-104	392
M00737:130:000000000-GGFV8:1:2102:24606:13123	5208	98.214	3.23e-104	392
M00737:130:000000000-GGFV8:1:2102:24606:13123	5208	98.214	3.23e-104	392
M00737:130:000000000-GGFV8:1:2102:24606:13123	1295531	98.214	3.23e-104	392
M00737:130:000000000-GGFV8:1:2102:24606:13123	1295531	98.214	3.23e-104	392
M00737:130:000000000-GGFV8:1:2102:24606:13123	1295531	98.214	3.23e-104	392
M00737:130:000000000-GGFV8:1:2102:24606:13123	1295531	98.214	3.23e-104	392
M00737:130:000000000-GGFV8:1:2102:24606:13123	1295531	98.214	3.23e-104	392
M00737:130:000000000-GGFV8:1:2102:24606:13123	1295531	98.214	3.23e-104	392
M00737:130:000000000-GGFV8:1:2102:24606:13123	3050524	98.214	3.23e-104	392
M00737:130:000000000-GGFV8:1:2101:18791:16189	9598	98.895	9.24e-84	324
M00737:130:000000000-GGFV8:1:2101:18791:16189	9598	98.895	9.24e-84	324
M00737:130:000000000-GGFV8:1:2101:18791:16189	9606	98.895	9.24e-84	324
M00737:130:000000000-GGFV8:1:2101:18791:16189	9544	93.103	7.78e-25	128
M00737:130:000000000-GGFV8:1:2101:18791:16189	9606	92.045	3.62e-23	122
M00737:130:000000000-GGFV8:1:1102:7709:12197	9606	100.000	2.12e-85	329
M00737:130:000000000-GGFV8:1:1101:27013:13928	5763	100.000	4.86e-11	78.7
M00737:130:000000000-GGFV8:1:1101:27013:13928	9606	100.000	4.86e-11	78.7
M00737:130:000000000-GGFV8:1:1101:27013:13928	9606	100.000	2.26e-09	73.1
M00737:130:000000000-GGFV8:1:1101:27013:13928	9606	100.000	4.86e-11	78.7
M00737:130:000000000-GGFV8:1:1101:27013:13928	9606	100.000	4.86e-11	78.7
M00737:130:000000000-GGFV8:1:1101:27013:13928	9606	100.000	4.86e-11	78.7
M00737:130:000000000-GGFV8:1:1101:27013:13928	9606	100.000	4.86e-11	78.7
M00737:130:000000000-GGFV8:1:1101:27013:13928	9606	100.000	4.86e-11	78.7
M00737:130:000000000-GGFV8:1:1101:27013:13928	9606	100.000	4.86e-11	78.7
M00737:130:000000000-GGFV8:1:1101:27013:13928	9606	100.000	4.86e-11	78.7
M00737:130:000000000-GGFV8:1:1101:27013:13928	9606	100.000	4.86e-11	78.7
M00737:130:000000000-GGFV8:1:1101:27013:13928	9606	100.000	4.86e-11	78.7
M00737:130:000000000-GGFV8:1:1101:27013:13928	9606	100.000	4.86e-11	78.7
M00737:130:000000000-GGFV8:1:1101:27013:13928	9606	100.000	4.86e-11	78.7
M00737:130:000000000-GGFV8:1:1101:27013:13928	9606	100.000	4.86e-11	78.7
