M00737:160:000000000-LR84B:1:2113:28058:19275	9606	97.794	1.04e-57	237
M00737:160:000000000-LR84B:1:2113:28058:19275	9606	97.059	4.84e-56	231
M00737:160:000000000-LR84B:1:2113:28058:19275	9601	94.853	4.87e-51	215
M00737:160:000000000-LR84B:1:1109:11091:22732	9606	97.500	1.82e-27	135
M00737:160:000000000-LR84B:1:1109:11091:22732	9597	96.250	8.49e-26	130
M00737:160:000000000-LR84B:1:1109:11091:22732	9597	96.250	8.49e-26	130
M00737:160:000000000-LR84B:1:1109:11091:22732	9597	96.250	8.49e-26	130
M00737:160:000000000-LR84B:1:1109:11091:22732	9597	96.250	8.49e-26	130
M00737:160:000000000-LR84B:1:2106:2677:10739	111789	100.000	9.78e-16	95.3
M00737:160:000000000-LR84B:1:2106:2677:10739	111789	100.000	9.78e-16	95.3
M00737:160:000000000-LR84B:1:2106:2677:10739	111789	100.000	9.78e-16	95.3
M00737:160:000000000-LR84B:1:2106:2677:10739	111789	100.000	9.78e-16	95.3
M00737:160:000000000-LR84B:1:2106:2677:10739	111789	100.000	9.78e-16	95.3
M00737:160:000000000-LR84B:1:2106:2677:10739	111789	100.000	1.26e-14	91.6
M00737:160:000000000-LR84B:1:2106:2677:10739	111789	100.000	1.26e-14	91.6
M00737:160:000000000-LR84B:1:2106:2677:10739	111789	100.000	1.26e-14	91.6
M00737:160:000000000-LR84B:1:2106:2677:10739	111789	98.039	4.55e-14	89.8
M00737:160:000000000-LR84B:1:2106:2677:10739	111789	96.154	2.12e-12	84.2
M00737:160:000000000-LR84B:1:2106:2677:10739	9606	100.000	9.78e-16	95.3
M00737:160:000000000-LR84B:1:2106:2677:10739	9606	100.000	9.78e-16	95.3
M00737:160:000000000-LR84B:1:2106:2677:10739	9606	100.000	9.78e-16	95.3
M00737:160:000000000-LR84B:1:2106:2677:10739	9606	100.000	9.78e-16	95.3
M00737:160:000000000-LR84B:1:2106:2677:10739	9606	100.000	9.78e-16	95.3
M00737:160:000000000-LR84B:1:2106:2677:10739	9606	100.000	9.78e-16	95.3
M00737:160:000000000-LR84B:1:2106:2677:10739	9606	100.000	9.78e-16	95.3
M00737:160:000000000-LR84B:1:2106:2677:10739	9606	100.000	9.78e-16	95.3
M00737:160:000000000-LR84B:1:2106:2677:10739	9606	100.000	9.78e-16	95.3
M00737:160:000000000-LR84B:1:2106:2677:10739	9606	100.000	9.78e-16	95.3
M00737:160:000000000-LR84B:1:2106:2677:10739	9606	100.000	9.78e-16	95.3
M00737:160:000000000-LR84B:1:2106:2677:10739	9606	100.000	9.78e-16	95.3
M00737:160:000000000-LR84B:1:2106:2677:10739	9606	100.000	9.78e-16	95.3
M00737:160:000000000-LR84B:1:2106:2677:10739	9606	100.000	9.78e-16	95.3
M00737:160:000000000-LR84B:1:2106:2677:10739	9606	100.000	9.78e-16	95.3
M00737:160:000000000-LR84B:1:2106:2677:10739	9606	100.000	9.78e-16	95.3
M00737:160:000000000-LR84B:1:2106:2677:10739	9606	100.000	9.78e-16	95.3
M00737:160:000000000-LR84B:1:2106:2677:10739	9606	100.000	9.78e-16	95.3
M00737:160:000000000-LR84B:1:2106:2677:10739	9606	100.000	9.78e-16	95.3
M00737:160:000000000-LR84B:1:2106:2677:10739	9606	100.000	9.78e-16	95.3
M00737:160:000000000-LR84B:1:2106:2677:10739	9606	100.000	9.78e-16	95.3
M00737:160:000000000-LR84B:1:2106:2677:10739	9606	98.039	4.55e-14	89.8
M00737:160:000000000-LR84B:1:2106:2677:10739	9606	100.000	9.78e-16	95.3
M00737:160:000000000-LR84B:1:2106:2677:10739	9606	100.000	9.78e-16	95.3
M00737:160:000000000-LR84B:1:2106:2677:10739	9606	100.000	9.78e-16	95.3
M00737:160:000000000-LR84B:1:2106:2677:10739	9606	100.000	9.78e-16	95.3
M00737:160:000000000-LR84B:1:2106:2677:10739	9606	100.000	9.78e-16	95.3
M00737:160:000000000-LR84B:1:2106:2677:10739	9606	100.000	9.78e-16	95.3
M00737:160:000000000-LR84B:1:2106:2677:10739	9606	100.000	9.78e-16	95.3
M00737:160:000000000-LR84B:1:2106:2677:10739	9606	100.000	9.78e-16	95.3
M00737:160:000000000-LR84B:1:2106:2677:10739	9606	100.000	9.78e-16	95.3
M00737:160:000000000-LR84B:1:2106:2677:10739	9606	98.039	4.55e-14	89.8
M00737:160:000000000-LR84B:1:2106:2677:10739	9606	98.039	4.55e-14	89.8
M00737:160:000000000-LR84B:1:2106:2677:10739	9606	98.039	4.55e-14	89.8
M00737:160:000000000-LR84B:1:2106:2677:10739	9606	100.000	9.78e-16	95.3
M00737:160:000000000-LR84B:1:2106:2677:10739	9606	100.000	9.78e-16	95.3
M00737:160:000000000-LR84B:1:2106:2677:10739	9606	100.000	9.78e-16	95.3
M00737:160:000000000-LR84B:1:2106:2677:10739	9606	100.000	9.78e-16	95.3
M00737:160:000000000-LR84B:1:2106:2677:10739	9606	100.000	9.78e-16	95.3
M00737:160:000000000-LR84B:1:2106:2677:10739	9606	100.000	9.78e-16	95.3
M00737:160:000000000-LR84B:1:2106:2677:10739	9606	100.000	9.78e-16	95.3
M00737:160:000000000-LR84B:1:2106:2677:10739	9606	100.000	9.78e-16	95.3
M00737:160:000000000-LR84B:1:2106:2677:10739	9606	100.000	9.78e-16	95.3
M00737:160:000000000-LR84B:1:2106:2677:10739	9606	100.000	9.78e-16	95.3
M00737:160:000000000-LR84B:1:2106:2677:10739	9606	98.039	4.55e-14	89.8
M00737:160:000000000-LR84B:1:2106:2677:10739	9606	100.000	9.78e-16	95.3
M00737:160:000000000-LR84B:1:2106:2677:10739	9606	100.000	9.78e-16	95.3
M00737:160:000000000-LR84B:1:2106:2677:10739	9606	100.000	9.78e-16	95.3
M00737:160:000000000-LR84B:1:2106:2677:10739	9606	100.000	9.78e-16	95.3
M00737:160:000000000-LR84B:1:2106:2677:10739	9606	100.000	9.78e-16	95.3
M00737:160:000000000-LR84B:1:2106:2677:10739	9606	100.000	9.78e-16	95.3
M00737:160:000000000-LR84B:1:2106:2677:10739	9606	100.000	9.78e-16	95.3
M00737:160:000000000-LR84B:1:2106:2677:10739	9606	100.000	9.78e-16	95.3
M00737:160:000000000-LR84B:1:2106:2677:10739	9606	100.000	9.78e-16	95.3
M00737:160:000000000-LR84B:1:2106:2677:10739	9606	100.000	9.78e-16	95.3
M00737:160:000000000-LR84B:1:2106:2677:10739	9606	100.000	9.78e-16	95.3
M00737:160:000000000-LR84B:1:2106:2677:10739	9606	100.000	9.78e-16	95.3
M00737:160:000000000-LR84B:1:2106:2677:10739	9606	100.000	9.78e-16	95.3
M00737:160:000000000-LR84B:1:2106:2677:10739	9606	100.000	9.78e-16	95.3
M00737:160:000000000-LR84B:1:2106:2677:10739	9606	100.000	9.78e-16	95.3
M00737:160:000000000-LR84B:1:2106:2677:10739	9606	100.000	9.78e-16	95.3
M00737:160:000000000-LR84B:1:2106:2677:10739	9606	100.000	9.78e-16	95.3
M00737:160:000000000-LR84B:1:2106:2677:10739	9606	100.000	9.78e-16	95.3
M00737:160:000000000-LR84B:1:2106:2677:10739	9606	100.000	9.78e-16	95.3
M00737:160:000000000-LR84B:1:2106:2677:10739	9606	100.000	9.78e-16	95.3
M00737:160:000000000-LR84B:1:2106:2677:10739	9606	100.000	9.78e-16	95.3
M00737:160:000000000-LR84B:1:2106:2677:10739	9606	100.000	9.78e-16	95.3
M00737:160:000000000-LR84B:1:2106:2677:10739	9606	100.000	1.26e-14	91.6
M00737:160:000000000-LR84B:1:2106:2677:10739	9606	100.000	1.26e-14	91.6
M00737:160:000000000-LR84B:1:2106:2677:10739	9606	100.000	1.26e-14	91.6
M00737:160:000000000-LR84B:1:2106:2677:10739	9606	100.000	1.26e-14	91.6
M00737:160:000000000-LR84B:1:2106:2677:10739	9606	98.039	4.55e-14	89.8
M00737:160:000000000-LR84B:1:2106:2677:10739	9606	98.039	4.55e-14	89.8
M00737:160:000000000-LR84B:1:2106:2677:10739	9606	98.039	4.55e-14	89.8
M00737:160:000000000-LR84B:1:2106:2677:10739	9606	98.039	4.55e-14	89.8
M00737:160:000000000-LR84B:1:2106:2677:10739	9606	98.039	1.64e-13	87.9
M00737:160:000000000-LR84B:1:2106:2677:10739	9606	97.959	5.88e-13	86.1
M00737:160:000000000-LR84B:1:2106:2677:10739	9606	97.297	9.92e-06	62.1
M00737:160:000000000-LR84B:1:1112:27042:12529	9606	97.895	2.45e-36	165
M00737:160:000000000-LR84B:1:1112:27042:12529	9606	97.895	2.45e-36	165
M00737:160:000000000-LR84B:1:1112:27042:12529	9601	85.556	1.17e-14	93.5
M00737:160:000000000-LR84B:1:2103:23705:2693	111789	98.936	1.89e-37	169
M00737:160:000000000-LR84B:1:2103:23705:2693	111789	98.936	1.89e-37	169
M00737:160:000000000-LR84B:1:2103:23705:2693	111789	98.936	1.89e-37	169
M00737:160:000000000-LR84B:1:2103:23705:2693	111789	98.936	1.89e-37	169
M00737:160:000000000-LR84B:1:2103:23705:2693	111789	98.936	1.89e-37	169
M00737:160:000000000-LR84B:1:2103:23705:2693	111789	97.872	8.81e-36	163
M00737:160:000000000-LR84B:1:2103:23705:2693	111789	97.872	8.81e-36	163
M00737:160:000000000-LR84B:1:2103:23705:2693	111789	97.872	8.81e-36	163
M00737:160:000000000-LR84B:1:2103:23705:2693	111789	97.872	8.81e-36	163
M00737:160:000000000-LR84B:1:2103:23705:2693	111789	96.842	4.10e-34	158
M00737:160:000000000-LR84B:1:2103:23705:2693	111789	96.078	2.54e-11	82.4
M00737:160:000000000-LR84B:1:2103:23705:2693	9606	98.936	1.89e-37	169
M00737:160:000000000-LR84B:1:2103:23705:2693	9606	98.936	1.89e-37	169
M00737:160:000000000-LR84B:1:2103:23705:2693	9606	98.936	1.89e-37	169
M00737:160:000000000-LR84B:1:2103:23705:2693	9606	98.936	1.89e-37	169
M00737:160:000000000-LR84B:1:2103:23705:2693	9606	98.936	1.89e-37	169
M00737:160:000000000-LR84B:1:2103:23705:2693	9606	98.936	1.89e-37	169
M00737:160:000000000-LR84B:1:2103:23705:2693	9606	98.936	1.89e-37	169
M00737:160:000000000-LR84B:1:2103:23705:2693	9606	98.936	1.89e-37	169
M00737:160:000000000-LR84B:1:2103:23705:2693	9606	98.936	1.89e-37	169
M00737:160:000000000-LR84B:1:2103:23705:2693	9606	98.936	1.89e-37	169
M00737:160:000000000-LR84B:1:2103:23705:2693	9606	98.936	1.89e-37	169
M00737:160:000000000-LR84B:1:2103:23705:2693	9606	98.936	1.89e-37	169
M00737:160:000000000-LR84B:1:2103:23705:2693	9606	98.936	1.89e-37	169
M00737:160:000000000-LR84B:1:2103:23705:2693	9606	98.936	1.89e-37	169
M00737:160:000000000-LR84B:1:2103:23705:2693	9606	98.936	1.89e-37	169
M00737:160:000000000-LR84B:1:2103:23705:2693	9606	98.936	1.89e-37	169
M00737:160:000000000-LR84B:1:2103:23705:2693	9606	98.936	1.89e-37	169
M00737:160:000000000-LR84B:1:2103:23705:2693	9606	97.872	8.81e-36	163
M00737:160:000000000-LR84B:1:2103:23705:2693	9606	97.872	8.81e-36	163
M00737:160:000000000-LR84B:1:2103:23705:2693	9606	97.872	8.81e-36	163
M00737:160:000000000-LR84B:1:2103:23705:2693	9606	97.872	8.81e-36	163
M00737:160:000000000-LR84B:1:2103:23705:2693	9606	97.872	8.81e-36	163
M00737:160:000000000-LR84B:1:2103:23705:2693	9606	96.078	2.54e-11	82.4
M00737:160:000000000-LR84B:1:2103:23705:2693	9606	98.936	1.89e-37	169
M00737:160:000000000-LR84B:1:2103:23705:2693	9606	98.936	1.89e-37	169
M00737:160:000000000-LR84B:1:2103:23705:2693	9606	98.936	1.89e-37	169
M00737:160:000000000-LR84B:1:2103:23705:2693	9606	98.936	1.89e-37	169
M00737:160:000000000-LR84B:1:2103:23705:2693	9606	98.936	1.89e-37	169
M00737:160:000000000-LR84B:1:2103:23705:2693	9606	98.936	1.89e-37	169
M00737:160:000000000-LR84B:1:2103:23705:2693	9606	98.936	1.89e-37	169
M00737:160:000000000-LR84B:1:2103:23705:2693	9606	98.936	1.89e-37	169
M00737:160:000000000-LR84B:1:2103:23705:2693	9606	98.936	1.89e-37	169
M00737:160:000000000-LR84B:1:2103:23705:2693	9606	97.872	8.81e-36	163
M00737:160:000000000-LR84B:1:2103:23705:2693	9606	97.872	8.81e-36	163
M00737:160:000000000-LR84B:1:2103:23705:2693	9606	97.872	8.81e-36	163
M00737:160:000000000-LR84B:1:2103:23705:2693	9606	96.078	2.54e-11	82.4
M00737:160:000000000-LR84B:1:2103:23705:2693	9606	98.936	1.89e-37	169
M00737:160:000000000-LR84B:1:2103:23705:2693	9606	98.936	1.89e-37	169
M00737:160:000000000-LR84B:1:2103:23705:2693	9606	98.936	1.89e-37	169
M00737:160:000000000-LR84B:1:2103:23705:2693	9606	98.936	1.89e-37	169
M00737:160:000000000-LR84B:1:2103:23705:2693	9606	98.936	1.89e-37	169
M00737:160:000000000-LR84B:1:2103:23705:2693	9606	98.936	1.89e-37	169
M00737:160:000000000-LR84B:1:2103:23705:2693	9606	98.936	1.89e-37	169
M00737:160:000000000-LR84B:1:2103:23705:2693	9606	98.936	1.89e-37	169
M00737:160:000000000-LR84B:1:2103:23705:2693	9606	97.872	8.81e-36	163
M00737:160:000000000-LR84B:1:2103:23705:2693	9606	97.872	8.81e-36	163
M00737:160:000000000-LR84B:1:2103:23705:2693	9606	97.872	8.81e-36	163
M00737:160:000000000-LR84B:1:2103:23705:2693	9606	96.078	2.54e-11	82.4
M00737:160:000000000-LR84B:1:2103:23705:2693	9606	98.936	1.89e-37	169
M00737:160:000000000-LR84B:1:2103:23705:2693	9606	98.936	1.89e-37	169
M00737:160:000000000-LR84B:1:2103:23705:2693	9606	98.936	1.89e-37	169
M00737:160:000000000-LR84B:1:2103:23705:2693	9606	98.936	1.89e-37	169
M00737:160:000000000-LR84B:1:2103:23705:2693	9606	98.936	1.89e-37	169
M00737:160:000000000-LR84B:1:2103:23705:2693	9606	98.936	1.89e-37	169
M00737:160:000000000-LR84B:1:2103:23705:2693	9606	98.936	1.89e-37	169
M00737:160:000000000-LR84B:1:2103:23705:2693	9606	98.936	1.89e-37	169
M00737:160:000000000-LR84B:1:2103:23705:2693	9606	98.936	1.89e-37	169
M00737:160:000000000-LR84B:1:2103:23705:2693	9606	98.936	1.89e-37	169
M00737:160:000000000-LR84B:1:2103:23705:2693	9606	98.936	1.89e-37	169
M00737:160:000000000-LR84B:1:2103:23705:2693	9606	98.936	1.89e-37	169
M00737:160:000000000-LR84B:1:2103:23705:2693	9606	98.936	1.89e-37	169
M00737:160:000000000-LR84B:1:2103:23705:2693	9606	98.936	1.89e-37	169
M00737:160:000000000-LR84B:1:2103:23705:2693	9606	98.936	1.89e-37	169
M00737:160:000000000-LR84B:1:2103:23705:2693	9606	98.936	1.89e-37	169
M00737:160:000000000-LR84B:1:2103:23705:2693	9606	98.936	1.89e-37	169
M00737:160:000000000-LR84B:1:2103:23705:2693	9606	98.936	1.89e-37	169
M00737:160:000000000-LR84B:1:2103:23705:2693	9606	98.936	1.89e-37	169
M00737:160:000000000-LR84B:1:2103:23705:2693	9606	98.913	2.45e-36	165
M00737:160:000000000-LR84B:1:2103:23705:2693	9606	97.872	8.81e-36	163
M00737:160:000000000-LR84B:1:2103:23705:2693	9606	97.872	8.81e-36	163
M00737:160:000000000-LR84B:1:2103:23705:2693	9606	97.872	8.81e-36	163
M00737:160:000000000-LR84B:1:2103:23705:2693	9606	97.872	8.81e-36	163
M00737:160:000000000-LR84B:1:2103:23705:2693	9606	97.872	8.81e-36	163
M00737:160:000000000-LR84B:1:2103:23705:2693	9606	97.872	8.81e-36	163
M00737:160:000000000-LR84B:1:2103:23705:2693	9606	97.872	8.81e-36	163
M00737:160:000000000-LR84B:1:2103:23705:2693	9606	97.872	8.81e-36	163
M00737:160:000000000-LR84B:1:2103:23705:2693	9606	97.872	8.81e-36	163
M00737:160:000000000-LR84B:1:2103:23705:2693	9606	97.872	8.81e-36	163
M00737:160:000000000-LR84B:1:2103:23705:2693	9606	97.872	3.17e-35	161
M00737:160:000000000-LR84B:1:2103:23705:2693	9606	96.809	4.10e-34	158
M00737:160:000000000-LR84B:1:2103:23705:2693	9606	98.039	5.45e-13	87.9
M00737:160:000000000-LR84B:1:2103:23705:2693	9606	96.078	2.54e-11	82.4
M00737:160:000000000-LR84B:1:2119:23232:10725	9606	98.780	8.72e-31	147
M00737:160:000000000-LR84B:1:2119:23232:10725	9606	97.297	4.09e-24	124
M00737:160:000000000-LR84B:1:2119:23232:10725	9606	97.297	4.09e-24	124
M00737:160:000000000-LR84B:1:2119:23232:10725	9606	97.297	4.09e-24	124
M00737:160:000000000-LR84B:1:2119:23232:10725	9606	97.297	4.09e-24	124
M00737:160:000000000-LR84B:1:2119:23232:10725	9606	97.297	4.09e-24	124
M00737:160:000000000-LR84B:1:2119:23232:10725	9606	97.297	4.09e-24	124
M00737:160:000000000-LR84B:1:2119:23232:10725	9606	97.297	4.09e-24	124
M00737:160:000000000-LR84B:1:2119:23232:10725	9606	97.297	4.09e-24	124
M00737:160:000000000-LR84B:1:2119:23232:10725	9606	97.297	4.09e-24	124
M00737:160:000000000-LR84B:1:2119:23232:10725	9606	97.297	4.09e-24	124
M00737:160:000000000-LR84B:1:2119:23232:10725	9606	96.104	4.09e-24	124
M00737:160:000000000-LR84B:1:2119:23232:10725	9606	97.297	4.09e-24	124
M00737:160:000000000-LR84B:1:2119:23232:10725	9606	97.297	4.09e-24	124
M00737:160:000000000-LR84B:1:2119:23232:10725	9606	97.297	4.09e-24	124
M00737:160:000000000-LR84B:1:2119:23232:10725	9606	97.297	4.09e-24	124
M00737:160:000000000-LR84B:1:2119:23232:10725	9606	97.297	4.09e-24	124
M00737:160:000000000-LR84B:1:2119:23232:10725	9606	97.297	4.09e-24	124
M00737:160:000000000-LR84B:1:2119:23232:10725	9606	97.297	4.09e-24	124
M00737:160:000000000-LR84B:1:2119:23232:10725	9606	95.946	1.90e-22	119
M00737:160:000000000-LR84B:1:2119:23232:10725	9606	95.946	1.90e-22	119
M00737:160:000000000-LR84B:1:2119:23232:10725	9606	95.946	1.90e-22	119
M00737:160:000000000-LR84B:1:2119:23232:10725	9606	96.774	1.92e-17	102
M00737:160:000000000-LR84B:1:2119:23232:10725	9606	98.780	8.72e-31	147
M00737:160:000000000-LR84B:1:2119:23232:10725	9606	97.297	4.09e-24	124
M00737:160:000000000-LR84B:1:2119:23232:10725	9606	97.297	4.09e-24	124
M00737:160:000000000-LR84B:1:2119:23232:10725	9606	97.297	4.09e-24	124
M00737:160:000000000-LR84B:1:2119:23232:10725	9606	97.297	4.09e-24	124
M00737:160:000000000-LR84B:1:2119:23232:10725	9606	97.297	4.09e-24	124
M00737:160:000000000-LR84B:1:2119:23232:10725	9606	97.297	4.09e-24	124
M00737:160:000000000-LR84B:1:2119:23232:10725	9606	96.104	4.09e-24	124
M00737:160:000000000-LR84B:1:2119:23232:10725	9606	97.297	4.09e-24	124
M00737:160:000000000-LR84B:1:2119:23232:10725	9606	95.946	1.90e-22	119
M00737:160:000000000-LR84B:1:2119:23232:10725	9606	95.946	1.90e-22	119
M00737:160:000000000-LR84B:1:2119:23232:10725	9606	94.805	1.90e-22	119
M00737:160:000000000-LR84B:1:2119:23232:10725	9606	95.385	1.92e-17	102
M00737:160:000000000-LR84B:1:2119:23232:10725	9606	98.780	8.72e-31	147
M00737:160:000000000-LR84B:1:2119:23232:10725	9606	97.297	4.09e-24	124
M00737:160:000000000-LR84B:1:2119:23232:10725	9606	97.297	4.09e-24	124
M00737:160:000000000-LR84B:1:2119:23232:10725	9606	97.297	4.09e-24	124
M00737:160:000000000-LR84B:1:2119:23232:10725	9606	97.297	4.09e-24	124
M00737:160:000000000-LR84B:1:2119:23232:10725	9606	96.104	4.09e-24	124
M00737:160:000000000-LR84B:1:2119:23232:10725	9606	97.297	4.09e-24	124
M00737:160:000000000-LR84B:1:2119:23232:10725	9606	97.297	4.09e-24	124
M00737:160:000000000-LR84B:1:2119:23232:10725	9606	97.297	4.09e-24	124
M00737:160:000000000-LR84B:1:2119:23232:10725	9606	95.946	1.90e-22	119
M00737:160:000000000-LR84B:1:2119:23232:10725	9606	95.946	1.90e-22	119
M00737:160:000000000-LR84B:1:2119:23232:10725	9606	96.774	1.92e-17	102
M00737:160:000000000-LR84B:1:2119:23232:10725	9606	98.780	8.72e-31	147
M00737:160:000000000-LR84B:1:2119:23232:10725	9606	97.561	4.06e-29	141
M00737:160:000000000-LR84B:1:2119:23232:10725	9606	97.297	4.09e-24	124
M00737:160:000000000-LR84B:1:2119:23232:10725	9606	97.297	4.09e-24	124
M00737:160:000000000-LR84B:1:2119:23232:10725	9606	97.297	4.09e-24	124
M00737:160:000000000-LR84B:1:2119:23232:10725	9606	97.297	4.09e-24	124
M00737:160:000000000-LR84B:1:2119:23232:10725	9606	97.297	4.09e-24	124
M00737:160:000000000-LR84B:1:2119:23232:10725	9606	97.297	4.09e-24	124
M00737:160:000000000-LR84B:1:2119:23232:10725	9606	96.104	4.09e-24	124
M00737:160:000000000-LR84B:1:2119:23232:10725	9606	96.104	4.09e-24	124
M00737:160:000000000-LR84B:1:2119:23232:10725	9606	97.297	4.09e-24	124
M00737:160:000000000-LR84B:1:2119:23232:10725	9606	97.297	4.09e-24	124
M00737:160:000000000-LR84B:1:2119:23232:10725	9606	97.297	4.09e-24	124
M00737:160:000000000-LR84B:1:2119:23232:10725	9606	96.104	4.09e-24	124
M00737:160:000000000-LR84B:1:2119:23232:10725	9606	97.297	4.09e-24	124
M00737:160:000000000-LR84B:1:2119:23232:10725	9606	97.297	4.09e-24	124
M00737:160:000000000-LR84B:1:2119:23232:10725	9606	96.104	4.09e-24	124
M00737:160:000000000-LR84B:1:2119:23232:10725	9606	97.297	4.09e-24	124
M00737:160:000000000-LR84B:1:2119:23232:10725	9606	97.297	4.09e-24	124
M00737:160:000000000-LR84B:1:2119:23232:10725	9606	97.297	4.09e-24	124
M00737:160:000000000-LR84B:1:2119:23232:10725	9606	97.297	4.09e-24	124
M00737:160:000000000-LR84B:1:2119:23232:10725	9606	94.805	1.90e-22	119
M00737:160:000000000-LR84B:1:2119:23232:10725	9606	95.946	1.90e-22	119
M00737:160:000000000-LR84B:1:2119:23232:10725	9606	95.946	1.90e-22	119
M00737:160:000000000-LR84B:1:2119:23232:10725	9606	95.946	1.90e-22	119
M00737:160:000000000-LR84B:1:2119:23232:10725	9606	95.946	1.90e-22	119
M00737:160:000000000-LR84B:1:2119:23232:10725	9606	95.946	1.90e-22	119
M00737:160:000000000-LR84B:1:2119:23232:10725	9606	95.946	1.90e-22	119
M00737:160:000000000-LR84B:1:2119:23232:10725	9606	95.946	1.90e-22	119
M00737:160:000000000-LR84B:1:2119:23232:10725	9606	95.946	1.90e-22	119
M00737:160:000000000-LR84B:1:2119:23232:10725	9606	95.946	1.90e-22	119
M00737:160:000000000-LR84B:1:2119:23232:10725	9606	94.595	8.85e-21	113
M00737:160:000000000-LR84B:1:2119:23232:10725	9606	96.774	1.92e-17	102
M00737:160:000000000-LR84B:1:2119:23232:10725	9606	96.774	1.92e-17	102
M00737:160:000000000-LR84B:1:2119:23232:10725	9606	98.780	8.72e-31	147
M00737:160:000000000-LR84B:1:2119:23232:10725	9606	98.649	8.78e-26	130
M00737:160:000000000-LR84B:1:2119:23232:10725	9606	96.104	4.09e-24	124
M00737:160:000000000-LR84B:1:2119:23232:10725	9606	97.297	4.09e-24	124
M00737:160:000000000-LR84B:1:2119:23232:10725	9606	97.297	4.09e-24	124
M00737:160:000000000-LR84B:1:2119:23232:10725	9606	97.297	4.09e-24	124
M00737:160:000000000-LR84B:1:2119:23232:10725	9606	96.104	4.09e-24	124
M00737:160:000000000-LR84B:1:2119:23232:10725	9606	97.297	4.09e-24	124
M00737:160:000000000-LR84B:1:2119:23232:10725	9606	97.297	4.09e-24	124
M00737:160:000000000-LR84B:1:2119:23232:10725	9606	97.297	4.09e-24	124
M00737:160:000000000-LR84B:1:2119:23232:10725	9606	95.946	1.90e-22	119
M00737:160:000000000-LR84B:1:2119:23232:10725	9606	95.946	1.90e-22	119
M00737:160:000000000-LR84B:1:2119:23232:10725	9606	95.946	1.90e-22	119
M00737:160:000000000-LR84B:1:2119:23232:10725	9606	94.595	8.85e-21	113
M00737:160:000000000-LR84B:1:2119:23232:10725	9606	94.595	8.85e-21	113
M00737:160:000000000-LR84B:1:2119:23232:10725	9606	98.214	2.48e-16	99.0
M00737:160:000000000-LR84B:1:2116:18882:20390	111789	97.333	7.90e-25	126
M00737:160:000000000-LR84B:1:2116:18882:20390	111789	97.333	7.90e-25	126
M00737:160:000000000-LR84B:1:2116:18882:20390	111789	97.333	7.90e-25	126
M00737:160:000000000-LR84B:1:2116:18882:20390	111789	97.333	7.90e-25	126
M00737:160:000000000-LR84B:1:2116:18882:20390	111789	97.333	7.90e-25	126
M00737:160:000000000-LR84B:1:2116:18882:20390	111789	96.000	3.67e-23	121
M00737:160:000000000-LR84B:1:2116:18882:20390	111789	96.000	3.67e-23	121
M00737:160:000000000-LR84B:1:2116:18882:20390	111789	96.000	3.67e-23	121
M00737:160:000000000-LR84B:1:2116:18882:20390	111789	96.000	3.67e-23	121
M00737:160:000000000-LR84B:1:2116:18882:20390	111789	94.737	1.71e-21	115
M00737:160:000000000-LR84B:1:2116:18882:20390	111789	96.491	8.01e-15	93.5
M00737:160:000000000-LR84B:1:2116:18882:20390	9606	97.333	7.90e-25	126
M00737:160:000000000-LR84B:1:2116:18882:20390	9606	97.333	7.90e-25	126
M00737:160:000000000-LR84B:1:2116:18882:20390	9606	97.333	7.90e-25	126
M00737:160:000000000-LR84B:1:2116:18882:20390	9606	97.333	7.90e-25	126
M00737:160:000000000-LR84B:1:2116:18882:20390	9606	97.333	7.90e-25	126
M00737:160:000000000-LR84B:1:2116:18882:20390	9606	97.333	7.90e-25	126
M00737:160:000000000-LR84B:1:2116:18882:20390	9606	97.333	7.90e-25	126
M00737:160:000000000-LR84B:1:2116:18882:20390	9606	97.333	7.90e-25	126
M00737:160:000000000-LR84B:1:2116:18882:20390	9606	97.333	7.90e-25	126
M00737:160:000000000-LR84B:1:2116:18882:20390	9606	97.333	7.90e-25	126
M00737:160:000000000-LR84B:1:2116:18882:20390	9606	97.333	7.90e-25	126
M00737:160:000000000-LR84B:1:2116:18882:20390	9606	97.333	7.90e-25	126
M00737:160:000000000-LR84B:1:2116:18882:20390	9606	97.333	7.90e-25	126
M00737:160:000000000-LR84B:1:2116:18882:20390	9606	97.333	7.90e-25	126
M00737:160:000000000-LR84B:1:2116:18882:20390	9606	97.333	7.90e-25	126
M00737:160:000000000-LR84B:1:2116:18882:20390	9606	97.333	7.90e-25	126
M00737:160:000000000-LR84B:1:2116:18882:20390	9606	97.333	7.90e-25	126
M00737:160:000000000-LR84B:1:2116:18882:20390	9606	97.333	7.90e-25	126
M00737:160:000000000-LR84B:1:2116:18882:20390	9606	97.333	7.90e-25	126
M00737:160:000000000-LR84B:1:2116:18882:20390	9606	96.000	3.67e-23	121
M00737:160:000000000-LR84B:1:2116:18882:20390	9606	96.000	3.67e-23	121
M00737:160:000000000-LR84B:1:2116:18882:20390	9606	96.000	3.67e-23	121
M00737:160:000000000-LR84B:1:2116:18882:20390	9606	96.491	8.01e-15	93.5
M00737:160:000000000-LR84B:1:2116:18882:20390	9606	97.333	7.90e-25	126
M00737:160:000000000-LR84B:1:2116:18882:20390	9606	97.333	7.90e-25	126
M00737:160:000000000-LR84B:1:2116:18882:20390	9606	97.333	7.90e-25	126
M00737:160:000000000-LR84B:1:2116:18882:20390	9606	97.333	7.90e-25	126
M00737:160:000000000-LR84B:1:2116:18882:20390	9606	97.333	7.90e-25	126
M00737:160:000000000-LR84B:1:2116:18882:20390	9606	97.333	7.90e-25	126
M00737:160:000000000-LR84B:1:2116:18882:20390	9606	97.333	7.90e-25	126
M00737:160:000000000-LR84B:1:2116:18882:20390	9606	97.333	7.90e-25	126
M00737:160:000000000-LR84B:1:2116:18882:20390	9606	97.333	7.90e-25	126
M00737:160:000000000-LR84B:1:2116:18882:20390	9606	96.000	3.67e-23	121
M00737:160:000000000-LR84B:1:2116:18882:20390	9606	96.000	3.67e-23	121
M00737:160:000000000-LR84B:1:2116:18882:20390	9606	96.000	3.67e-23	121
M00737:160:000000000-LR84B:1:2116:18882:20390	9606	96.491	8.01e-15	93.5
M00737:160:000000000-LR84B:1:2116:18882:20390	9606	97.333	7.90e-25	126
M00737:160:000000000-LR84B:1:2116:18882:20390	9606	97.333	7.90e-25	126
M00737:160:000000000-LR84B:1:2116:18882:20390	9606	97.333	7.90e-25	126
M00737:160:000000000-LR84B:1:2116:18882:20390	9606	97.333	7.90e-25	126
M00737:160:000000000-LR84B:1:2116:18882:20390	9606	97.333	7.90e-25	126
M00737:160:000000000-LR84B:1:2116:18882:20390	9606	97.333	7.90e-25	126
M00737:160:000000000-LR84B:1:2116:18882:20390	9606	97.333	7.90e-25	126
M00737:160:000000000-LR84B:1:2116:18882:20390	9606	97.333	7.90e-25	126
M00737:160:000000000-LR84B:1:2116:18882:20390	9606	97.333	7.90e-25	126
M00737:160:000000000-LR84B:1:2116:18882:20390	9606	96.000	3.67e-23	121
M00737:160:000000000-LR84B:1:2116:18882:20390	9606	96.000	3.67e-23	121
M00737:160:000000000-LR84B:1:2116:18882:20390	9606	96.491	8.01e-15	93.5
M00737:160:000000000-LR84B:1:2116:18882:20390	9606	97.333	7.90e-25	126
M00737:160:000000000-LR84B:1:2116:18882:20390	9606	97.333	7.90e-25	126
M00737:160:000000000-LR84B:1:2116:18882:20390	9606	97.333	7.90e-25	126
M00737:160:000000000-LR84B:1:2116:18882:20390	9606	97.333	7.90e-25	126
M00737:160:000000000-LR84B:1:2116:18882:20390	9606	97.333	7.90e-25	126
M00737:160:000000000-LR84B:1:2116:18882:20390	9606	97.333	7.90e-25	126
M00737:160:000000000-LR84B:1:2116:18882:20390	9606	97.333	7.90e-25	126
M00737:160:000000000-LR84B:1:2116:18882:20390	9606	97.333	7.90e-25	126
M00737:160:000000000-LR84B:1:2116:18882:20390	9606	97.333	7.90e-25	126
M00737:160:000000000-LR84B:1:2116:18882:20390	9606	97.333	7.90e-25	126
M00737:160:000000000-LR84B:1:2116:18882:20390	9606	97.333	7.90e-25	126
M00737:160:000000000-LR84B:1:2116:18882:20390	9606	97.333	7.90e-25	126
M00737:160:000000000-LR84B:1:2116:18882:20390	9606	97.333	7.90e-25	126
M00737:160:000000000-LR84B:1:2116:18882:20390	9606	97.333	7.90e-25	126
M00737:160:000000000-LR84B:1:2116:18882:20390	9606	97.333	7.90e-25	126
M00737:160:000000000-LR84B:1:2116:18882:20390	9606	97.333	7.90e-25	126
M00737:160:000000000-LR84B:1:2116:18882:20390	9606	97.333	7.90e-25	126
M00737:160:000000000-LR84B:1:2116:18882:20390	9606	97.333	7.90e-25	126
M00737:160:000000000-LR84B:1:2116:18882:20390	9606	97.333	7.90e-25	126
M00737:160:000000000-LR84B:1:2116:18882:20390	9606	97.333	7.90e-25	126
M00737:160:000000000-LR84B:1:2116:18882:20390	9606	97.333	7.90e-25	126
M00737:160:000000000-LR84B:1:2116:18882:20390	9606	96.000	3.67e-23	121
M00737:160:000000000-LR84B:1:2116:18882:20390	9606	96.000	3.67e-23	121
M00737:160:000000000-LR84B:1:2116:18882:20390	9606	96.000	3.67e-23	121
M00737:160:000000000-LR84B:1:2116:18882:20390	9606	96.000	3.67e-23	121
M00737:160:000000000-LR84B:1:2116:18882:20390	9606	96.000	3.67e-23	121
M00737:160:000000000-LR84B:1:2116:18882:20390	9606	96.000	3.67e-23	121
M00737:160:000000000-LR84B:1:2116:18882:20390	9606	96.000	3.67e-23	121
M00737:160:000000000-LR84B:1:2116:18882:20390	9606	96.000	3.67e-23	121
M00737:160:000000000-LR84B:1:2116:18882:20390	9606	96.000	3.67e-23	121
M00737:160:000000000-LR84B:1:2116:18882:20390	9606	96.000	3.67e-23	121
M00737:160:000000000-LR84B:1:2116:18882:20390	9606	94.667	1.71e-21	115
M00737:160:000000000-LR84B:1:2116:18882:20390	9606	96.491	8.01e-15	93.5
M00737:160:000000000-LR84B:1:2116:18882:20390	9606	96.491	8.01e-15	93.5
M00737:160:000000000-LR84B:1:1110:25699:4435	111789	100.000	4.07e-39	174
M00737:160:000000000-LR84B:1:1110:25699:4435	111789	98.936	1.89e-37	169
M00737:160:000000000-LR84B:1:1110:25699:4435	111789	98.936	1.89e-37	169
M00737:160:000000000-LR84B:1:1110:25699:4435	111789	98.936	1.89e-37	169
M00737:160:000000000-LR84B:1:1110:25699:4435	111789	98.936	1.89e-37	169
M00737:160:000000000-LR84B:1:1110:25699:4435	111789	98.936	1.89e-37	169
M00737:160:000000000-LR84B:1:1110:25699:4435	111789	97.872	8.81e-36	163
M00737:160:000000000-LR84B:1:1110:25699:4435	111789	97.872	8.81e-36	163
M00737:160:000000000-LR84B:1:1110:25699:4435	111789	97.872	8.81e-36	163
M00737:160:000000000-LR84B:1:1110:25699:4435	111789	97.895	8.81e-36	163
M00737:160:000000000-LR84B:1:1110:25699:4435	111789	92.063	1.96e-12	86.1
M00737:160:000000000-LR84B:1:1110:25699:4435	111789	100.000	7.10e-07	67.6
M00737:160:000000000-LR84B:1:1110:25699:4435	9606	100.000	4.07e-39	174
M00737:160:000000000-LR84B:1:1110:25699:4435	9606	98.936	1.89e-37	169
M00737:160:000000000-LR84B:1:1110:25699:4435	9606	98.936	1.89e-37	169
M00737:160:000000000-LR84B:1:1110:25699:4435	9606	98.936	1.89e-37	169
M00737:160:000000000-LR84B:1:1110:25699:4435	9606	98.936	1.89e-37	169
M00737:160:000000000-LR84B:1:1110:25699:4435	9606	98.936	1.89e-37	169
M00737:160:000000000-LR84B:1:1110:25699:4435	9606	98.936	1.89e-37	169
M00737:160:000000000-LR84B:1:1110:25699:4435	9606	98.936	1.89e-37	169
M00737:160:000000000-LR84B:1:1110:25699:4435	9606	98.936	1.89e-37	169
M00737:160:000000000-LR84B:1:1110:25699:4435	9606	98.936	1.89e-37	169
M00737:160:000000000-LR84B:1:1110:25699:4435	9606	98.936	1.89e-37	169
M00737:160:000000000-LR84B:1:1110:25699:4435	9606	98.936	1.89e-37	169
M00737:160:000000000-LR84B:1:1110:25699:4435	9606	98.936	1.89e-37	169
M00737:160:000000000-LR84B:1:1110:25699:4435	9606	98.936	1.89e-37	169
M00737:160:000000000-LR84B:1:1110:25699:4435	9606	98.936	1.89e-37	169
M00737:160:000000000-LR84B:1:1110:25699:4435	9606	98.936	1.89e-37	169
M00737:160:000000000-LR84B:1:1110:25699:4435	9606	98.936	1.89e-37	169
M00737:160:000000000-LR84B:1:1110:25699:4435	9606	98.936	1.89e-37	169
M00737:160:000000000-LR84B:1:1110:25699:4435	9606	97.872	8.81e-36	163
M00737:160:000000000-LR84B:1:1110:25699:4435	9606	97.872	8.81e-36	163
M00737:160:000000000-LR84B:1:1110:25699:4435	9606	97.872	8.81e-36	163
M00737:160:000000000-LR84B:1:1110:25699:4435	9606	97.872	8.81e-36	163
M00737:160:000000000-LR84B:1:1110:25699:4435	9606	92.063	1.96e-12	86.1
M00737:160:000000000-LR84B:1:1110:25699:4435	9606	100.000	7.10e-07	67.6
M00737:160:000000000-LR84B:1:1110:25699:4435	9606	100.000	4.07e-39	174
M00737:160:000000000-LR84B:1:1110:25699:4435	9606	100.000	4.07e-39	174
M00737:160:000000000-LR84B:1:1110:25699:4435	9606	100.000	4.07e-39	174
M00737:160:000000000-LR84B:1:1110:25699:4435	9606	98.936	1.89e-37	169
M00737:160:000000000-LR84B:1:1110:25699:4435	9606	98.936	1.89e-37	169
M00737:160:000000000-LR84B:1:1110:25699:4435	9606	98.936	1.89e-37	169
M00737:160:000000000-LR84B:1:1110:25699:4435	9606	98.936	1.89e-37	169
M00737:160:000000000-LR84B:1:1110:25699:4435	9606	98.936	1.89e-37	169
M00737:160:000000000-LR84B:1:1110:25699:4435	9606	98.936	1.89e-37	169
M00737:160:000000000-LR84B:1:1110:25699:4435	9606	98.936	1.89e-37	169
M00737:160:000000000-LR84B:1:1110:25699:4435	9606	98.936	1.89e-37	169
M00737:160:000000000-LR84B:1:1110:25699:4435	9606	98.936	1.89e-37	169
M00737:160:000000000-LR84B:1:1110:25699:4435	9606	92.063	1.96e-12	86.1
M00737:160:000000000-LR84B:1:1110:25699:4435	9606	100.000	7.10e-07	67.6
M00737:160:000000000-LR84B:1:1110:25699:4435	9606	100.000	4.07e-39	174
M00737:160:000000000-LR84B:1:1110:25699:4435	9606	98.936	1.89e-37	169
M00737:160:000000000-LR84B:1:1110:25699:4435	9606	98.936	1.89e-37	169
M00737:160:000000000-LR84B:1:1110:25699:4435	9606	98.936	1.89e-37	169
M00737:160:000000000-LR84B:1:1110:25699:4435	9606	98.936	1.89e-37	169
M00737:160:000000000-LR84B:1:1110:25699:4435	9606	98.936	1.89e-37	169
M00737:160:000000000-LR84B:1:1110:25699:4435	9606	98.936	1.89e-37	169
M00737:160:000000000-LR84B:1:1110:25699:4435	9606	98.936	1.89e-37	169
M00737:160:000000000-LR84B:1:1110:25699:4435	9606	98.936	1.89e-37	169
M00737:160:000000000-LR84B:1:1110:25699:4435	9606	97.872	8.81e-36	163
M00737:160:000000000-LR84B:1:1110:25699:4435	9606	97.872	8.81e-36	163
M00737:160:000000000-LR84B:1:1110:25699:4435	9606	92.063	1.96e-12	86.1
M00737:160:000000000-LR84B:1:1110:25699:4435	9606	100.000	7.10e-07	67.6
M00737:160:000000000-LR84B:1:1110:25699:4435	9606	100.000	4.07e-39	174
M00737:160:000000000-LR84B:1:1110:25699:4435	9606	100.000	4.07e-39	174
M00737:160:000000000-LR84B:1:1110:25699:4435	9606	100.000	4.07e-39	174
M00737:160:000000000-LR84B:1:1110:25699:4435	9606	100.000	4.07e-39	174
M00737:160:000000000-LR84B:1:1110:25699:4435	9606	98.936	1.89e-37	169
M00737:160:000000000-LR84B:1:1110:25699:4435	9606	98.936	1.89e-37	169
M00737:160:000000000-LR84B:1:1110:25699:4435	9606	98.936	1.89e-37	169
M00737:160:000000000-LR84B:1:1110:25699:4435	9606	98.936	1.89e-37	169
M00737:160:000000000-LR84B:1:1110:25699:4435	9606	98.936	1.89e-37	169
M00737:160:000000000-LR84B:1:1110:25699:4435	9606	98.936	1.89e-37	169
M00737:160:000000000-LR84B:1:1110:25699:4435	9606	98.936	1.89e-37	169
M00737:160:000000000-LR84B:1:1110:25699:4435	9606	98.936	1.89e-37	169
M00737:160:000000000-LR84B:1:1110:25699:4435	9606	98.936	1.89e-37	169
M00737:160:000000000-LR84B:1:1110:25699:4435	9606	98.936	1.89e-37	169
M00737:160:000000000-LR84B:1:1110:25699:4435	9606	98.936	1.89e-37	169
M00737:160:000000000-LR84B:1:1110:25699:4435	9606	98.936	1.89e-37	169
M00737:160:000000000-LR84B:1:1110:25699:4435	9606	98.936	1.89e-37	169
M00737:160:000000000-LR84B:1:1110:25699:4435	9606	98.936	1.89e-37	169
M00737:160:000000000-LR84B:1:1110:25699:4435	9606	98.936	1.89e-37	169
M00737:160:000000000-LR84B:1:1110:25699:4435	9606	98.936	1.89e-37	169
M00737:160:000000000-LR84B:1:1110:25699:4435	9606	98.936	1.89e-37	169
M00737:160:000000000-LR84B:1:1110:25699:4435	9606	98.936	1.89e-37	169
M00737:160:000000000-LR84B:1:1110:25699:4435	9606	98.936	1.89e-37	169
M00737:160:000000000-LR84B:1:1110:25699:4435	9606	98.936	1.89e-37	169
M00737:160:000000000-LR84B:1:1110:25699:4435	9606	98.913	2.45e-36	165
M00737:160:000000000-LR84B:1:1110:25699:4435	9606	97.872	8.81e-36	163
M00737:160:000000000-LR84B:1:1110:25699:4435	9606	97.872	8.81e-36	163
M00737:160:000000000-LR84B:1:1110:25699:4435	9606	97.872	8.81e-36	163
M00737:160:000000000-LR84B:1:1110:25699:4435	9606	97.872	8.81e-36	163
M00737:160:000000000-LR84B:1:1110:25699:4435	9606	97.872	8.81e-36	163
M00737:160:000000000-LR84B:1:1110:25699:4435	9606	97.872	8.81e-36	163
M00737:160:000000000-LR84B:1:1110:25699:4435	9606	97.872	3.17e-35	161
M00737:160:000000000-LR84B:1:1110:25699:4435	9606	93.651	4.22e-14	91.6
M00737:160:000000000-LR84B:1:1110:25699:4435	9606	92.063	1.96e-12	86.1
M00737:160:000000000-LR84B:1:1110:25699:4435	9606	100.000	7.10e-07	67.6
M00737:160:000000000-LR84B:1:1110:25699:4435	9606	100.000	7.10e-07	67.6
M00737:160:000000000-LR84B:1:1114:20552:16060	9606	100.000	8.81e-36	163
M00737:160:000000000-LR84B:1:1114:20552:16060	9606	100.000	8.81e-36	163
M00737:160:000000000-LR84B:1:1114:20552:16060	9606	100.000	8.81e-36	163
M00737:160:000000000-LR84B:1:1114:20552:16060	9606	100.000	8.81e-36	163
M00737:160:000000000-LR84B:1:1114:20552:16060	9606	100.000	8.81e-36	163
M00737:160:000000000-LR84B:1:1116:10324:16314	9606	99.485	1.28e-92	353
M00737:160:000000000-LR84B:1:2116:21835:4798	111789	100.000	1.13e-39	176
M00737:160:000000000-LR84B:1:2116:21835:4798	111789	100.000	1.13e-39	176
M00737:160:000000000-LR84B:1:2116:21835:4798	111789	100.000	1.13e-39	176
M00737:160:000000000-LR84B:1:2116:21835:4798	111789	100.000	1.13e-39	176
M00737:160:000000000-LR84B:1:2116:21835:4798	111789	100.000	1.13e-39	176
M00737:160:000000000-LR84B:1:2116:21835:4798	111789	98.947	5.26e-38	171
M00737:160:000000000-LR84B:1:2116:21835:4798	111789	98.947	5.26e-38	171
M00737:160:000000000-LR84B:1:2116:21835:4798	111789	98.947	5.26e-38	171
M00737:160:000000000-LR84B:1:2116:21835:4798	111789	98.947	5.26e-38	171
M00737:160:000000000-LR84B:1:2116:21835:4798	111789	97.917	2.45e-36	165
M00737:160:000000000-LR84B:1:2116:21835:4798	111789	100.000	3.28e-10	78.7
M00737:160:000000000-LR84B:1:2116:21835:4798	111789	95.652	1.53e-08	73.1
M00737:160:000000000-LR84B:1:2116:21835:4798	9606	100.000	1.13e-39	176
M00737:160:000000000-LR84B:1:2116:21835:4798	9606	100.000	1.13e-39	176
M00737:160:000000000-LR84B:1:2116:21835:4798	9606	100.000	1.13e-39	176
M00737:160:000000000-LR84B:1:2116:21835:4798	9606	100.000	1.13e-39	176
M00737:160:000000000-LR84B:1:2116:21835:4798	9606	100.000	1.13e-39	176
M00737:160:000000000-LR84B:1:2116:21835:4798	9606	100.000	1.13e-39	176
M00737:160:000000000-LR84B:1:2116:21835:4798	9606	100.000	1.13e-39	176
M00737:160:000000000-LR84B:1:2116:21835:4798	9606	100.000	1.13e-39	176
M00737:160:000000000-LR84B:1:2116:21835:4798	9606	100.000	1.13e-39	176
M00737:160:000000000-LR84B:1:2116:21835:4798	9606	100.000	1.13e-39	176
M00737:160:000000000-LR84B:1:2116:21835:4798	9606	100.000	1.13e-39	176
M00737:160:000000000-LR84B:1:2116:21835:4798	9606	100.000	1.13e-39	176
M00737:160:000000000-LR84B:1:2116:21835:4798	9606	100.000	1.13e-39	176
M00737:160:000000000-LR84B:1:2116:21835:4798	9606	100.000	1.13e-39	176
M00737:160:000000000-LR84B:1:2116:21835:4798	9606	100.000	1.13e-39	176
M00737:160:000000000-LR84B:1:2116:21835:4798	9606	100.000	1.13e-39	176
M00737:160:000000000-LR84B:1:2116:21835:4798	9606	100.000	1.13e-39	176
M00737:160:000000000-LR84B:1:2116:21835:4798	9606	98.947	5.26e-38	171
M00737:160:000000000-LR84B:1:2116:21835:4798	9606	98.947	5.26e-38	171
M00737:160:000000000-LR84B:1:2116:21835:4798	9606	98.947	5.26e-38	171
M00737:160:000000000-LR84B:1:2116:21835:4798	9606	98.947	5.26e-38	171
M00737:160:000000000-LR84B:1:2116:21835:4798	9606	98.947	5.26e-38	171
M00737:160:000000000-LR84B:1:2116:21835:4798	9606	100.000	3.28e-10	78.7
M00737:160:000000000-LR84B:1:2116:21835:4798	9606	95.652	1.53e-08	73.1
M00737:160:000000000-LR84B:1:2116:21835:4798	9606	100.000	1.13e-39	176
M00737:160:000000000-LR84B:1:2116:21835:4798	9606	100.000	1.13e-39	176
M00737:160:000000000-LR84B:1:2116:21835:4798	9606	100.000	1.13e-39	176
M00737:160:000000000-LR84B:1:2116:21835:4798	9606	100.000	1.13e-39	176
M00737:160:000000000-LR84B:1:2116:21835:4798	9606	100.000	1.13e-39	176
M00737:160:000000000-LR84B:1:2116:21835:4798	9606	100.000	1.13e-39	176
M00737:160:000000000-LR84B:1:2116:21835:4798	9606	100.000	1.13e-39	176
M00737:160:000000000-LR84B:1:2116:21835:4798	9606	100.000	1.13e-39	176
M00737:160:000000000-LR84B:1:2116:21835:4798	9606	100.000	1.13e-39	176
M00737:160:000000000-LR84B:1:2116:21835:4798	9606	98.947	5.26e-38	171
M00737:160:000000000-LR84B:1:2116:21835:4798	9606	98.947	5.26e-38	171
M00737:160:000000000-LR84B:1:2116:21835:4798	9606	98.947	5.26e-38	171
M00737:160:000000000-LR84B:1:2116:21835:4798	9606	100.000	3.28e-10	78.7
M00737:160:000000000-LR84B:1:2116:21835:4798	9606	95.652	1.53e-08	73.1
M00737:160:000000000-LR84B:1:2116:21835:4798	9606	100.000	1.13e-39	176
M00737:160:000000000-LR84B:1:2116:21835:4798	9606	100.000	1.13e-39	176
M00737:160:000000000-LR84B:1:2116:21835:4798	9606	100.000	1.13e-39	176
M00737:160:000000000-LR84B:1:2116:21835:4798	9606	100.000	1.13e-39	176
M00737:160:000000000-LR84B:1:2116:21835:4798	9606	100.000	1.13e-39	176
M00737:160:000000000-LR84B:1:2116:21835:4798	9606	100.000	1.13e-39	176
M00737:160:000000000-LR84B:1:2116:21835:4798	9606	100.000	1.13e-39	176
M00737:160:000000000-LR84B:1:2116:21835:4798	9606	100.000	1.13e-39	176
M00737:160:000000000-LR84B:1:2116:21835:4798	9606	98.947	5.26e-38	171
M00737:160:000000000-LR84B:1:2116:21835:4798	9606	98.947	5.26e-38	171
M00737:160:000000000-LR84B:1:2116:21835:4798	9606	98.947	5.26e-38	171
M00737:160:000000000-LR84B:1:2116:21835:4798	9606	100.000	3.28e-10	78.7
M00737:160:000000000-LR84B:1:2116:21835:4798	9606	95.652	1.53e-08	73.1
M00737:160:000000000-LR84B:1:2116:21835:4798	9606	100.000	1.13e-39	176
M00737:160:000000000-LR84B:1:2116:21835:4798	9606	100.000	1.13e-39	176
M00737:160:000000000-LR84B:1:2116:21835:4798	9606	100.000	1.13e-39	176
M00737:160:000000000-LR84B:1:2116:21835:4798	9606	100.000	1.13e-39	176
M00737:160:000000000-LR84B:1:2116:21835:4798	9606	100.000	1.13e-39	176
M00737:160:000000000-LR84B:1:2116:21835:4798	9606	100.000	1.13e-39	176
M00737:160:000000000-LR84B:1:2116:21835:4798	9606	100.000	1.13e-39	176
M00737:160:000000000-LR84B:1:2116:21835:4798	9606	100.000	1.13e-39	176
M00737:160:000000000-LR84B:1:2116:21835:4798	9606	100.000	1.13e-39	176
M00737:160:000000000-LR84B:1:2116:21835:4798	9606	100.000	1.13e-39	176
M00737:160:000000000-LR84B:1:2116:21835:4798	9606	100.000	1.13e-39	176
M00737:160:000000000-LR84B:1:2116:21835:4798	9606	100.000	1.13e-39	176
M00737:160:000000000-LR84B:1:2116:21835:4798	9606	100.000	1.13e-39	176
M00737:160:000000000-LR84B:1:2116:21835:4798	9606	100.000	1.13e-39	176
M00737:160:000000000-LR84B:1:2116:21835:4798	9606	100.000	1.13e-39	176
M00737:160:000000000-LR84B:1:2116:21835:4798	9606	100.000	1.13e-39	176
M00737:160:000000000-LR84B:1:2116:21835:4798	9606	100.000	1.13e-39	176
M00737:160:000000000-LR84B:1:2116:21835:4798	9606	100.000	1.13e-39	176
M00737:160:000000000-LR84B:1:2116:21835:4798	9606	100.000	1.13e-39	176
M00737:160:000000000-LR84B:1:2116:21835:4798	9606	98.947	5.26e-38	171
M00737:160:000000000-LR84B:1:2116:21835:4798	9606	98.947	5.26e-38	171
M00737:160:000000000-LR84B:1:2116:21835:4798	9606	98.947	5.26e-38	171
M00737:160:000000000-LR84B:1:2116:21835:4798	9606	98.947	5.26e-38	171
M00737:160:000000000-LR84B:1:2116:21835:4798	9606	98.947	5.26e-38	171
M00737:160:000000000-LR84B:1:2116:21835:4798	9606	98.947	5.26e-38	171
M00737:160:000000000-LR84B:1:2116:21835:4798	9606	98.947	5.26e-38	171
M00737:160:000000000-LR84B:1:2116:21835:4798	9606	98.947	5.26e-38	171
M00737:160:000000000-LR84B:1:2116:21835:4798	9606	98.947	5.26e-38	171
M00737:160:000000000-LR84B:1:2116:21835:4798	9606	98.947	5.26e-38	171
M00737:160:000000000-LR84B:1:2116:21835:4798	9606	98.947	1.89e-37	169
M00737:160:000000000-LR84B:1:2116:21835:4798	9606	98.947	1.89e-37	169
M00737:160:000000000-LR84B:1:2116:21835:4798	9606	97.895	2.45e-36	165
M00737:160:000000000-LR84B:1:2116:21835:4798	9606	100.000	3.28e-10	78.7
M00737:160:000000000-LR84B:1:2116:21835:4798	9606	97.826	3.28e-10	78.7
M00737:160:000000000-LR84B:1:2116:21835:4798	9606	100.000	3.28e-10	78.7
M00737:160:000000000-LR84B:1:2116:21835:4798	9606	95.652	1.53e-08	73.1
M00737:160:000000000-LR84B:1:2115:10281:22450	111789	100.000	1.13e-39	176
M00737:160:000000000-LR84B:1:2115:10281:22450	111789	100.000	1.13e-39	176
M00737:160:000000000-LR84B:1:2115:10281:22450	111789	100.000	1.13e-39	176
M00737:160:000000000-LR84B:1:2115:10281:22450	111789	100.000	1.13e-39	176
M00737:160:000000000-LR84B:1:2115:10281:22450	111789	98.947	5.26e-38	171
M00737:160:000000000-LR84B:1:2115:10281:22450	111789	98.947	5.26e-38	171
M00737:160:000000000-LR84B:1:2115:10281:22450	111789	98.947	5.26e-38	171
M00737:160:000000000-LR84B:1:2115:10281:22450	111789	98.947	5.26e-38	171
M00737:160:000000000-LR84B:1:2115:10281:22450	111789	97.917	2.45e-36	165
M00737:160:000000000-LR84B:1:2115:10281:22450	111789	96.512	4.13e-29	141
M00737:160:000000000-LR84B:1:2115:10281:22450	111789	97.222	5.38e-23	121
M00737:160:000000000-LR84B:1:2115:10281:22450	9606	100.000	1.13e-39	176
M00737:160:000000000-LR84B:1:2115:10281:22450	9606	100.000	1.13e-39	176
M00737:160:000000000-LR84B:1:2115:10281:22450	9606	100.000	1.13e-39	176
M00737:160:000000000-LR84B:1:2115:10281:22450	9606	100.000	1.13e-39	176
M00737:160:000000000-LR84B:1:2115:10281:22450	9606	100.000	1.13e-39	176
M00737:160:000000000-LR84B:1:2115:10281:22450	9606	100.000	1.13e-39	176
M00737:160:000000000-LR84B:1:2115:10281:22450	9606	100.000	1.13e-39	176
M00737:160:000000000-LR84B:1:2115:10281:22450	9606	100.000	1.13e-39	176
M00737:160:000000000-LR84B:1:2115:10281:22450	9606	100.000	1.13e-39	176
M00737:160:000000000-LR84B:1:2115:10281:22450	9606	100.000	1.13e-39	176
M00737:160:000000000-LR84B:1:2115:10281:22450	9606	100.000	1.13e-39	176
M00737:160:000000000-LR84B:1:2115:10281:22450	9606	100.000	1.13e-39	176
M00737:160:000000000-LR84B:1:2115:10281:22450	9606	100.000	1.13e-39	176
M00737:160:000000000-LR84B:1:2115:10281:22450	9606	100.000	1.13e-39	176
M00737:160:000000000-LR84B:1:2115:10281:22450	9606	100.000	1.13e-39	176
M00737:160:000000000-LR84B:1:2115:10281:22450	9606	100.000	1.13e-39	176
M00737:160:000000000-LR84B:1:2115:10281:22450	9606	100.000	1.13e-39	176
M00737:160:000000000-LR84B:1:2115:10281:22450	9606	98.947	5.26e-38	171
M00737:160:000000000-LR84B:1:2115:10281:22450	9606	98.947	5.26e-38	171
M00737:160:000000000-LR84B:1:2115:10281:22450	9606	98.947	5.26e-38	171
M00737:160:000000000-LR84B:1:2115:10281:22450	9606	98.947	5.26e-38	171
M00737:160:000000000-LR84B:1:2115:10281:22450	9606	97.674	8.87e-31	147
M00737:160:000000000-LR84B:1:2115:10281:22450	9606	100.000	2.48e-26	132
M00737:160:000000000-LR84B:1:2115:10281:22450	9606	100.000	1.13e-39	176
M00737:160:000000000-LR84B:1:2115:10281:22450	9606	100.000	1.13e-39	176
M00737:160:000000000-LR84B:1:2115:10281:22450	9606	100.000	1.13e-39	176
M00737:160:000000000-LR84B:1:2115:10281:22450	9606	100.000	1.13e-39	176
M00737:160:000000000-LR84B:1:2115:10281:22450	9606	100.000	1.13e-39	176
M00737:160:000000000-LR84B:1:2115:10281:22450	9606	100.000	1.13e-39	176
M00737:160:000000000-LR84B:1:2115:10281:22450	9606	100.000	1.13e-39	176
M00737:160:000000000-LR84B:1:2115:10281:22450	9606	98.947	5.26e-38	171
M00737:160:000000000-LR84B:1:2115:10281:22450	9606	98.947	5.26e-38	171
M00737:160:000000000-LR84B:1:2115:10281:22450	9606	98.947	5.26e-38	171
M00737:160:000000000-LR84B:1:2115:10281:22450	9606	97.895	2.45e-36	165
M00737:160:000000000-LR84B:1:2115:10281:22450	9606	97.674	8.87e-31	147
M00737:160:000000000-LR84B:1:2115:10281:22450	9606	98.592	1.16e-24	126
M00737:160:000000000-LR84B:1:2115:10281:22450	9606	100.000	1.13e-39	176
M00737:160:000000000-LR84B:1:2115:10281:22450	9606	100.000	1.13e-39	176
M00737:160:000000000-LR84B:1:2115:10281:22450	9606	100.000	1.13e-39	176
M00737:160:000000000-LR84B:1:2115:10281:22450	9606	100.000	1.13e-39	176
M00737:160:000000000-LR84B:1:2115:10281:22450	9606	100.000	1.13e-39	176
M00737:160:000000000-LR84B:1:2115:10281:22450	9606	100.000	1.13e-39	176
M00737:160:000000000-LR84B:1:2115:10281:22450	9606	100.000	1.13e-39	176
M00737:160:000000000-LR84B:1:2115:10281:22450	9606	98.947	5.26e-38	171
M00737:160:000000000-LR84B:1:2115:10281:22450	9606	98.947	5.26e-38	171
M00737:160:000000000-LR84B:1:2115:10281:22450	9606	98.947	5.26e-38	171
M00737:160:000000000-LR84B:1:2115:10281:22450	9606	97.674	8.87e-31	147
M00737:160:000000000-LR84B:1:2115:10281:22450	9606	100.000	2.48e-26	132
M00737:160:000000000-LR84B:1:2115:10281:22450	9606	100.000	1.13e-39	176
M00737:160:000000000-LR84B:1:2115:10281:22450	9606	100.000	1.13e-39	176
M00737:160:000000000-LR84B:1:2115:10281:22450	9606	100.000	1.13e-39	176
M00737:160:000000000-LR84B:1:2115:10281:22450	9606	100.000	1.13e-39	176
M00737:160:000000000-LR84B:1:2115:10281:22450	9606	100.000	1.13e-39	176
M00737:160:000000000-LR84B:1:2115:10281:22450	9606	100.000	1.13e-39	176
M00737:160:000000000-LR84B:1:2115:10281:22450	9606	100.000	1.13e-39	176
M00737:160:000000000-LR84B:1:2115:10281:22450	9606	100.000	1.13e-39	176
M00737:160:000000000-LR84B:1:2115:10281:22450	9606	100.000	1.13e-39	176
M00737:160:000000000-LR84B:1:2115:10281:22450	9606	100.000	1.13e-39	176
M00737:160:000000000-LR84B:1:2115:10281:22450	9606	100.000	1.13e-39	176
M00737:160:000000000-LR84B:1:2115:10281:22450	9606	100.000	1.13e-39	176
M00737:160:000000000-LR84B:1:2115:10281:22450	9606	100.000	1.13e-39	176
M00737:160:000000000-LR84B:1:2115:10281:22450	9606	100.000	1.13e-39	176
M00737:160:000000000-LR84B:1:2115:10281:22450	9606	100.000	1.13e-39	176
M00737:160:000000000-LR84B:1:2115:10281:22450	9606	98.947	5.26e-38	171
M00737:160:000000000-LR84B:1:2115:10281:22450	9606	98.947	5.26e-38	171
M00737:160:000000000-LR84B:1:2115:10281:22450	9606	98.947	5.26e-38	171
M00737:160:000000000-LR84B:1:2115:10281:22450	9606	98.947	5.26e-38	171
M00737:160:000000000-LR84B:1:2115:10281:22450	9606	98.947	5.26e-38	171
M00737:160:000000000-LR84B:1:2115:10281:22450	9606	98.947	5.26e-38	171
M00737:160:000000000-LR84B:1:2115:10281:22450	9606	98.947	5.26e-38	171
M00737:160:000000000-LR84B:1:2115:10281:22450	9606	98.947	5.26e-38	171
M00737:160:000000000-LR84B:1:2115:10281:22450	9606	98.947	5.26e-38	171
M00737:160:000000000-LR84B:1:2115:10281:22450	9606	98.947	5.26e-38	171
M00737:160:000000000-LR84B:1:2115:10281:22450	9606	98.947	5.26e-38	171
M00737:160:000000000-LR84B:1:2115:10281:22450	9606	98.947	5.26e-38	171
M00737:160:000000000-LR84B:1:2115:10281:22450	9606	98.947	1.89e-37	169
M00737:160:000000000-LR84B:1:2115:10281:22450	9606	97.895	2.45e-36	165
M00737:160:000000000-LR84B:1:2115:10281:22450	9606	97.895	2.45e-36	165
M00737:160:000000000-LR84B:1:2115:10281:22450	9606	98.837	1.91e-32	152
M00737:160:000000000-LR84B:1:2115:10281:22450	9606	97.674	8.87e-31	147
M00737:160:000000000-LR84B:1:2115:10281:22450	9606	100.000	2.48e-26	132
M00737:160:000000000-LR84B:1:2115:10281:22450	9606	100.000	2.48e-26	132
M00737:160:000000000-LR84B:1:2105:12244:9603	111789	100.000	5.36e-26	130
M00737:160:000000000-LR84B:1:2105:12244:9603	111789	100.000	5.36e-26	130
M00737:160:000000000-LR84B:1:2105:12244:9603	111789	100.000	5.36e-26	130
M00737:160:000000000-LR84B:1:2105:12244:9603	111789	100.000	5.36e-26	130
M00737:160:000000000-LR84B:1:2105:12244:9603	111789	100.000	5.36e-26	130
M00737:160:000000000-LR84B:1:2105:12244:9603	111789	98.571	2.49e-24	124
M00737:160:000000000-LR84B:1:2105:12244:9603	111789	98.571	2.49e-24	124
M00737:160:000000000-LR84B:1:2105:12244:9603	111789	98.571	2.49e-24	124
M00737:160:000000000-LR84B:1:2105:12244:9603	111789	98.571	2.49e-24	124
M00737:160:000000000-LR84B:1:2105:12244:9603	111789	97.183	1.16e-22	119
M00737:160:000000000-LR84B:1:2105:12244:9603	111789	100.000	1.19e-07	69.4
M00737:160:000000000-LR84B:1:2105:12244:9603	9606	100.000	5.36e-26	130
M00737:160:000000000-LR84B:1:2105:12244:9603	9606	100.000	5.36e-26	130
M00737:160:000000000-LR84B:1:2105:12244:9603	9606	100.000	5.36e-26	130
M00737:160:000000000-LR84B:1:2105:12244:9603	9606	100.000	5.36e-26	130
M00737:160:000000000-LR84B:1:2105:12244:9603	9606	100.000	5.36e-26	130
M00737:160:000000000-LR84B:1:2105:12244:9603	9606	100.000	5.36e-26	130
M00737:160:000000000-LR84B:1:2105:12244:9603	9606	100.000	5.36e-26	130
M00737:160:000000000-LR84B:1:2105:12244:9603	9606	100.000	5.36e-26	130
M00737:160:000000000-LR84B:1:2105:12244:9603	9606	100.000	5.36e-26	130
M00737:160:000000000-LR84B:1:2105:12244:9603	9606	100.000	5.36e-26	130
M00737:160:000000000-LR84B:1:2105:12244:9603	9606	100.000	5.36e-26	130
M00737:160:000000000-LR84B:1:2105:12244:9603	9606	100.000	5.36e-26	130
M00737:160:000000000-LR84B:1:2105:12244:9603	9606	100.000	5.36e-26	130
M00737:160:000000000-LR84B:1:2105:12244:9603	9606	100.000	5.36e-26	130
M00737:160:000000000-LR84B:1:2105:12244:9603	9606	100.000	5.36e-26	130
M00737:160:000000000-LR84B:1:2105:12244:9603	9606	100.000	5.36e-26	130
M00737:160:000000000-LR84B:1:2105:12244:9603	9606	100.000	5.36e-26	130
M00737:160:000000000-LR84B:1:2105:12244:9603	9606	100.000	5.36e-26	130
M00737:160:000000000-LR84B:1:2105:12244:9603	9606	100.000	5.36e-26	130
M00737:160:000000000-LR84B:1:2105:12244:9603	9606	98.571	2.49e-24	124
M00737:160:000000000-LR84B:1:2105:12244:9603	9606	98.571	2.49e-24	124
M00737:160:000000000-LR84B:1:2105:12244:9603	9606	98.571	2.49e-24	124
M00737:160:000000000-LR84B:1:2105:12244:9603	9606	100.000	1.19e-07	69.4
M00737:160:000000000-LR84B:1:2105:12244:9603	9606	100.000	5.36e-26	130
M00737:160:000000000-LR84B:1:2105:12244:9603	9606	100.000	5.36e-26	130
M00737:160:000000000-LR84B:1:2105:12244:9603	9606	100.000	5.36e-26	130
M00737:160:000000000-LR84B:1:2105:12244:9603	9606	100.000	5.36e-26	130
M00737:160:000000000-LR84B:1:2105:12244:9603	9606	100.000	5.36e-26	130
M00737:160:000000000-LR84B:1:2105:12244:9603	9606	100.000	5.36e-26	130
M00737:160:000000000-LR84B:1:2105:12244:9603	9606	100.000	5.36e-26	130
M00737:160:000000000-LR84B:1:2105:12244:9603	9606	100.000	5.36e-26	130
M00737:160:000000000-LR84B:1:2105:12244:9603	9606	100.000	5.36e-26	130
M00737:160:000000000-LR84B:1:2105:12244:9603	9606	98.571	2.49e-24	124
M00737:160:000000000-LR84B:1:2105:12244:9603	9606	98.571	2.49e-24	124
M00737:160:000000000-LR84B:1:2105:12244:9603	9606	98.571	2.49e-24	124
M00737:160:000000000-LR84B:1:2105:12244:9603	9606	100.000	1.19e-07	69.4
M00737:160:000000000-LR84B:1:2105:12244:9603	9606	100.000	5.36e-26	130
M00737:160:000000000-LR84B:1:2105:12244:9603	9606	100.000	5.36e-26	130
M00737:160:000000000-LR84B:1:2105:12244:9603	9606	100.000	5.36e-26	130
M00737:160:000000000-LR84B:1:2105:12244:9603	9606	100.000	5.36e-26	130
M00737:160:000000000-LR84B:1:2105:12244:9603	9606	100.000	5.36e-26	130
M00737:160:000000000-LR84B:1:2105:12244:9603	9606	100.000	5.36e-26	130
M00737:160:000000000-LR84B:1:2105:12244:9603	9606	100.000	5.36e-26	130
M00737:160:000000000-LR84B:1:2105:12244:9603	9606	100.000	5.36e-26	130
M00737:160:000000000-LR84B:1:2105:12244:9603	9606	100.000	5.36e-26	130
M00737:160:000000000-LR84B:1:2105:12244:9603	9606	98.571	2.49e-24	124
M00737:160:000000000-LR84B:1:2105:12244:9603	9606	98.571	2.49e-24	124
M00737:160:000000000-LR84B:1:2105:12244:9603	9606	100.000	1.19e-07	69.4
M00737:160:000000000-LR84B:1:2105:12244:9603	9606	100.000	5.36e-26	130
M00737:160:000000000-LR84B:1:2105:12244:9603	9606	100.000	5.36e-26	130
M00737:160:000000000-LR84B:1:2105:12244:9603	9606	100.000	5.36e-26	130
M00737:160:000000000-LR84B:1:2105:12244:9603	9606	100.000	5.36e-26	130
M00737:160:000000000-LR84B:1:2105:12244:9603	9606	100.000	5.36e-26	130
M00737:160:000000000-LR84B:1:2105:12244:9603	9606	100.000	5.36e-26	130
M00737:160:000000000-LR84B:1:2105:12244:9603	9606	100.000	5.36e-26	130
M00737:160:000000000-LR84B:1:2105:12244:9603	9606	100.000	5.36e-26	130
M00737:160:000000000-LR84B:1:2105:12244:9603	9606	100.000	5.36e-26	130
M00737:160:000000000-LR84B:1:2105:12244:9603	9606	100.000	5.36e-26	130
M00737:160:000000000-LR84B:1:2105:12244:9603	9606	100.000	5.36e-26	130
M00737:160:000000000-LR84B:1:2105:12244:9603	9606	100.000	5.36e-26	130
M00737:160:000000000-LR84B:1:2105:12244:9603	9606	100.000	5.36e-26	130
M00737:160:000000000-LR84B:1:2105:12244:9603	9606	100.000	5.36e-26	130
M00737:160:000000000-LR84B:1:2105:12244:9603	9606	100.000	5.36e-26	130
M00737:160:000000000-LR84B:1:2105:12244:9603	9606	100.000	5.36e-26	130
M00737:160:000000000-LR84B:1:2105:12244:9603	9606	100.000	5.36e-26	130
M00737:160:000000000-LR84B:1:2105:12244:9603	9606	100.000	5.36e-26	130
M00737:160:000000000-LR84B:1:2105:12244:9603	9606	100.000	5.36e-26	130
M00737:160:000000000-LR84B:1:2105:12244:9603	9606	100.000	5.36e-26	130
M00737:160:000000000-LR84B:1:2105:12244:9603	9606	100.000	5.36e-26	130
M00737:160:000000000-LR84B:1:2105:12244:9603	9606	98.571	2.49e-24	124
M00737:160:000000000-LR84B:1:2105:12244:9603	9606	100.000	2.49e-24	124
M00737:160:000000000-LR84B:1:2105:12244:9603	9606	98.571	2.49e-24	124
M00737:160:000000000-LR84B:1:2105:12244:9603	9606	98.571	2.49e-24	124
M00737:160:000000000-LR84B:1:2105:12244:9603	9606	98.571	2.49e-24	124
M00737:160:000000000-LR84B:1:2105:12244:9603	9606	98.571	2.49e-24	124
M00737:160:000000000-LR84B:1:2105:12244:9603	9606	98.571	2.49e-24	124
M00737:160:000000000-LR84B:1:2105:12244:9603	9606	98.571	2.49e-24	124
M00737:160:000000000-LR84B:1:2105:12244:9603	9606	98.571	2.49e-24	124
M00737:160:000000000-LR84B:1:2105:12244:9603	9606	98.571	2.49e-24	124
M00737:160:000000000-LR84B:1:2105:12244:9603	9606	97.143	1.16e-22	119
M00737:160:000000000-LR84B:1:2105:12244:9603	9606	100.000	1.19e-07	69.4
M00737:160:000000000-LR84B:1:2105:12244:9603	9606	100.000	1.19e-07	69.4
M00737:160:000000000-LR84B:1:2101:25482:18889	9606	98.936	1.86e-37	169
M00737:160:000000000-LR84B:1:1111:13803:16787	111789	100.000	6.82e-18	102
M00737:160:000000000-LR84B:1:1111:13803:16787	111789	100.000	6.82e-18	102
M00737:160:000000000-LR84B:1:1111:13803:16787	111789	100.000	6.82e-18	102
M00737:160:000000000-LR84B:1:1111:13803:16787	111789	100.000	6.82e-18	102
M00737:160:000000000-LR84B:1:1111:13803:16787	111789	100.000	6.82e-18	102
M00737:160:000000000-LR84B:1:1111:13803:16787	111789	100.000	6.82e-18	102
M00737:160:000000000-LR84B:1:1111:13803:16787	111789	100.000	6.82e-18	102
M00737:160:000000000-LR84B:1:1111:13803:16787	111789	100.000	6.82e-18	102
M00737:160:000000000-LR84B:1:1111:13803:16787	111789	98.182	3.17e-16	97.1
M00737:160:000000000-LR84B:1:1111:13803:16787	111789	96.429	1.48e-14	91.6
M00737:160:000000000-LR84B:1:1111:13803:16787	111789	95.745	1.49e-09	75.0
M00737:160:000000000-LR84B:1:1111:13803:16787	9606	100.000	6.82e-18	102
M00737:160:000000000-LR84B:1:1111:13803:16787	9606	100.000	6.82e-18	102
M00737:160:000000000-LR84B:1:1111:13803:16787	9606	100.000	6.82e-18	102
M00737:160:000000000-LR84B:1:1111:13803:16787	9606	100.000	6.82e-18	102
M00737:160:000000000-LR84B:1:1111:13803:16787	9606	100.000	6.82e-18	102
M00737:160:000000000-LR84B:1:1111:13803:16787	9606	100.000	6.82e-18	102
M00737:160:000000000-LR84B:1:1111:13803:16787	9606	100.000	6.82e-18	102
M00737:160:000000000-LR84B:1:1111:13803:16787	9606	100.000	6.82e-18	102
M00737:160:000000000-LR84B:1:1111:13803:16787	9606	100.000	6.82e-18	102
M00737:160:000000000-LR84B:1:1111:13803:16787	9606	100.000	6.82e-18	102
M00737:160:000000000-LR84B:1:1111:13803:16787	9606	100.000	6.82e-18	102
M00737:160:000000000-LR84B:1:1111:13803:16787	9606	100.000	6.82e-18	102
M00737:160:000000000-LR84B:1:1111:13803:16787	9606	100.000	6.82e-18	102
M00737:160:000000000-LR84B:1:1111:13803:16787	9606	100.000	6.82e-18	102
M00737:160:000000000-LR84B:1:1111:13803:16787	9606	100.000	6.82e-18	102
M00737:160:000000000-LR84B:1:1111:13803:16787	9606	100.000	6.82e-18	102
M00737:160:000000000-LR84B:1:1111:13803:16787	9606	100.000	6.82e-18	102
M00737:160:000000000-LR84B:1:1111:13803:16787	9606	100.000	6.82e-18	102
M00737:160:000000000-LR84B:1:1111:13803:16787	9606	100.000	6.82e-18	102
M00737:160:000000000-LR84B:1:1111:13803:16787	9606	98.182	3.17e-16	97.1
M00737:160:000000000-LR84B:1:1111:13803:16787	9606	98.182	3.17e-16	97.1
M00737:160:000000000-LR84B:1:1111:13803:16787	9606	98.182	3.17e-16	97.1
M00737:160:000000000-LR84B:1:1111:13803:16787	9606	95.745	1.49e-09	75.0
M00737:160:000000000-LR84B:1:1111:13803:16787	9606	100.000	6.82e-18	102
M00737:160:000000000-LR84B:1:1111:13803:16787	9606	100.000	6.82e-18	102
M00737:160:000000000-LR84B:1:1111:13803:16787	9606	100.000	6.82e-18	102
M00737:160:000000000-LR84B:1:1111:13803:16787	9606	100.000	6.82e-18	102
M00737:160:000000000-LR84B:1:1111:13803:16787	9606	100.000	6.82e-18	102
M00737:160:000000000-LR84B:1:1111:13803:16787	9606	100.000	6.82e-18	102
M00737:160:000000000-LR84B:1:1111:13803:16787	9606	100.000	6.82e-18	102
M00737:160:000000000-LR84B:1:1111:13803:16787	9606	100.000	6.82e-18	102
M00737:160:000000000-LR84B:1:1111:13803:16787	9606	100.000	6.82e-18	102
M00737:160:000000000-LR84B:1:1111:13803:16787	9606	98.182	3.17e-16	97.1
M00737:160:000000000-LR84B:1:1111:13803:16787	9606	98.182	3.17e-16	97.1
M00737:160:000000000-LR84B:1:1111:13803:16787	9606	98.182	3.17e-16	97.1
M00737:160:000000000-LR84B:1:1111:13803:16787	9606	95.745	1.49e-09	75.0
M00737:160:000000000-LR84B:1:1111:13803:16787	9606	100.000	6.82e-18	102
M00737:160:000000000-LR84B:1:1111:13803:16787	9606	100.000	6.82e-18	102
M00737:160:000000000-LR84B:1:1111:13803:16787	9606	100.000	6.82e-18	102
M00737:160:000000000-LR84B:1:1111:13803:16787	9606	100.000	6.82e-18	102
M00737:160:000000000-LR84B:1:1111:13803:16787	9606	100.000	6.82e-18	102
M00737:160:000000000-LR84B:1:1111:13803:16787	9606	100.000	6.82e-18	102
M00737:160:000000000-LR84B:1:1111:13803:16787	9606	100.000	6.82e-18	102
M00737:160:000000000-LR84B:1:1111:13803:16787	9606	100.000	6.82e-18	102
M00737:160:000000000-LR84B:1:1111:13803:16787	9606	100.000	6.82e-18	102
M00737:160:000000000-LR84B:1:1111:13803:16787	9606	98.182	3.17e-16	97.1
M00737:160:000000000-LR84B:1:1111:13803:16787	9606	98.182	3.17e-16	97.1
M00737:160:000000000-LR84B:1:1111:13803:16787	9606	95.745	1.49e-09	75.0
M00737:160:000000000-LR84B:1:1111:13803:16787	9606	100.000	6.82e-18	102
M00737:160:000000000-LR84B:1:1111:13803:16787	9606	100.000	6.82e-18	102
M00737:160:000000000-LR84B:1:1111:13803:16787	9606	100.000	6.82e-18	102
M00737:160:000000000-LR84B:1:1111:13803:16787	9606	100.000	6.82e-18	102
M00737:160:000000000-LR84B:1:1111:13803:16787	9606	100.000	6.82e-18	102
M00737:160:000000000-LR84B:1:1111:13803:16787	9606	100.000	6.82e-18	102
M00737:160:000000000-LR84B:1:1111:13803:16787	9606	100.000	6.82e-18	102
M00737:160:000000000-LR84B:1:1111:13803:16787	9606	100.000	6.82e-18	102
M00737:160:000000000-LR84B:1:1111:13803:16787	9606	100.000	6.82e-18	102
M00737:160:000000000-LR84B:1:1111:13803:16787	9606	100.000	6.82e-18	102
M00737:160:000000000-LR84B:1:1111:13803:16787	9606	100.000	6.82e-18	102
M00737:160:000000000-LR84B:1:1111:13803:16787	9606	100.000	6.82e-18	102
M00737:160:000000000-LR84B:1:1111:13803:16787	9606	100.000	6.82e-18	102
M00737:160:000000000-LR84B:1:1111:13803:16787	9606	100.000	6.82e-18	102
M00737:160:000000000-LR84B:1:1111:13803:16787	9606	100.000	6.82e-18	102
M00737:160:000000000-LR84B:1:1111:13803:16787	9606	100.000	6.82e-18	102
M00737:160:000000000-LR84B:1:1111:13803:16787	9606	100.000	6.82e-18	102
M00737:160:000000000-LR84B:1:1111:13803:16787	9606	100.000	6.82e-18	102
M00737:160:000000000-LR84B:1:1111:13803:16787	9606	100.000	6.82e-18	102
M00737:160:000000000-LR84B:1:1111:13803:16787	9606	100.000	6.82e-18	102
M00737:160:000000000-LR84B:1:1111:13803:16787	9606	100.000	6.82e-18	102
M00737:160:000000000-LR84B:1:1111:13803:16787	9606	100.000	6.82e-18	102
M00737:160:000000000-LR84B:1:1111:13803:16787	9606	100.000	6.82e-18	102
M00737:160:000000000-LR84B:1:1111:13803:16787	9606	100.000	6.82e-18	102
M00737:160:000000000-LR84B:1:1111:13803:16787	9606	100.000	6.82e-18	102
M00737:160:000000000-LR84B:1:1111:13803:16787	9606	98.182	3.17e-16	97.1
M00737:160:000000000-LR84B:1:1111:13803:16787	9606	98.182	3.17e-16	97.1
M00737:160:000000000-LR84B:1:1111:13803:16787	9606	98.182	3.17e-16	97.1
M00737:160:000000000-LR84B:1:1111:13803:16787	9606	98.182	3.17e-16	97.1
M00737:160:000000000-LR84B:1:1111:13803:16787	9606	98.182	3.17e-16	97.1
M00737:160:000000000-LR84B:1:1111:13803:16787	9606	98.182	3.17e-16	97.1
M00737:160:000000000-LR84B:1:1111:13803:16787	9606	98.182	1.14e-15	95.3
M00737:160:000000000-LR84B:1:1111:13803:16787	9606	97.872	3.19e-11	80.5
M00737:160:000000000-LR84B:1:1111:13803:16787	9606	95.745	1.49e-09	75.0
